1000
394481241
482379
367408724
52965
154315583
103527
19883981
85561
40250519
3883997
67317999
3384932
406110292
691088
2261630
5262622
321515232
37056
262677325
1331851
27780343
208759
262069992
2299852
123085715
393244
859345035
936008
108523476
5087281
343419366
3839533
179443587
906113
45294847
1682141
112501949
2563799
226541052
412637
210599696
1089407
5757843
9903488
20553410
1254816
548774870
3218120
45483259
946424
61931408
1231188
442732076
557398
82690369
38497
230464592
5631839
240405944
513212
206777221
1145895
169101899
4011671
414591017
3923591
24132341
3406945
23645248
4739020
130610309
1523692
116009258
2975528
19492416
64169
10553229
1315587
648819211
2621964
361197029
816761
387073395
202366
289165974
3732355
3093837
4741658
645700731
736119
283731982
332864
210566581
3758199
185817952
1091972
411138399
2653529
352553044
6246648
48472450
4176161
163589925
22614
6923949
2829767
241149345
4213672
111896223
4814353
221857811
231259
396211028
7107316
76007310
5233109
200894057
4017948
19170629
1301095
487488876
410294
138202163
1355109
549472609
2044929
58084718
3429933
155439250
7996445
324499357
3882360
271904585
922414
174496736
9271873
524168440
1406239
324413635
346970
522969628
416964
405708817
1890199
914022041
778041
470819744
5495226
27152822
3020302
5641072
55023
181655668
3574432
253046563
914598
3272272
1149309
83714055
2303242
60133522
4039146
758451580
912611
13530483
932242
278478031
3890299
192962844
219530
772200949
549215
212364130
2998066
526338596
3553974
274903022
866394
150234307
4058340
440568119
3715628
104669038
915486
410367514
880232
113883265
693217
278844331
3405327
306892133
5845356
79758176
5824928
766017371
7339185
64738541
3628488
358577341
2885055
447703237
1199374
202871412
3465516
940399365
107488
37482516
485541
103305182
810694
56786749
5815796
663014754
6399892
573193222
8041440
61381401
1231894
264062127
2939611
557397877
3504004
572317969
1736122
585626059
348537
61036002
6123958
393138036
8079762
313737055
2544665
921808371
5155672
68829417
1800562
16486724
2184469
172775378
354449
18747968
794866
328127553
7707949
285517685
2141427
55314112
1931783
293752224
3496465
87461444
3422236
65672878
4811987
13803490
1169830
779270240
3832642
251881006
238863
289148147
4171273
176986633
243537
73199890
1702778
1821608
5072572
93027759
7328010
124031460
8879522
69410416
4199461
261244050
5251575
154605173
996935
443667852
241893
27016010
1017505
544047648
618303
317423170
1106287
124521594
158492
457754155
3177262
272372069
1583098
3808110
2228135
112918721
4700842
207800889
3892700
19150235
1431342
59414041
3788735
230339108
880498
99192750
709031
251333233
2448563
356738964
1162488
552627251
498172
641608779
7936147
7531284
7784338
185123319
2213743
221026101
7784695
212264019
8210939
312558729
3316848
303124256
506533
117691778
1188984
595490980
5157078
537344897
80980
563690063
3324327
554958138
1628784
260180813
1426497
18807309
1460282
30308339
4306673
90395800
2558608
186698044
2951149
839906394
3394570
525143504
237118
431291161
2478403
850426643
9812176
593765041
3673132
97698205
289987
417991986
39921
170322451
2751057
268424209
669300
817755782
103913
165612485
965007
59604393
3553485
60532970
6191176
509165360
805757
730436789
221276
19940053
2781872
58804217
5490448
294823439
1405512
49463357
755030
4748083
7512897
793899246
6942386
502903355
697909
10004726
8377533
2346321
18853
78356995
618370
36249300
5568760
223932541
2818747
599882757
2093312
525935793
1787285
31494007
253905
229254633
1329590
720791389
3378769
14399760
8838213
449751096
3731683
113065588
2812844
418422994
991781
226912604
1847104
391443443
4174648
325510116
455675
491989808
3589764
75384786
8216010
311774626
391217
44109368
3985317
556658
7707874
44408680
5864476
79567510
3143664
527082153
6607533
73185723
2169966
25094547
275949
78803110
6593229
367702213
7638419
127534380
1249774
46511219
4252233
199198261
1820171
638075338
2140080
106612230
170435
218667444
856556
4978579
1660270
70046161
190762
803786947
577849
103238293
4230342
32569184
436960
590764940
1224591
86252767
7852988
309515495
5990069
11837088
5135047
770645584
275273
267328906
4932644
635636972
207564
210092154
1112285
326961938
1932176
246745023
22247
81323230
7779436
35585373
667017
75662749
73292
370623265
9907382
100576621
4242559
5129624
1753903
284666001
1274
694660453
91556
241005478
2545222
61821106
12082
3461978
2134865
555168930
5756190
627501895
5805362
329307360
7963738
813665075
1930738
180154234
5363
110967383
660551
355974720
5474980
860124298
6544653
460483368
2531206
452962643
749951
151259013
464789
292647633
46068
248892389
68536
179282345
446512
349090032
1131916
114420122
2486002
81937099
462891
733217176
205175
521539185
1946513
738756021
4407464
234580626
444911
353430207
548314
956358938
4320423
5002462
1776167
377293062
1055716
115484436
876651
494408139
8743484
42353966
8807872
201565901
2995281
597551815
3123821
769282085
3786237
47709817
3818989
46109677
9084310
487367481
2819497
250279612
3344486
166404912
1493626
86432471
8186990
169261302
7939515
91835550
2952272
268266348
289524
46199058
931981
613981342
7109891
188700818
1821413
541182614
1846787
212083029
3797996
75108922
308766
12065303
468477
96872664
2881680
449864531
90290
454412738
1330492
240663403
1296852
354981202
414562
742864466
8904409
59671930
39729
341192334
4312460
119104076
7276806
215846302
64896
8189437
3814
162471925
8414653
78381789
7527178
215430910
9510916
242804645
2119948
47068060
859283
425809013
2776943
348653667
4743071
436021118
3125991
342174302
1995203
107630612
4247675
179039122
7030561
5120875
7940587
70202921
7193909
657778585
605599
39810
102668
1541388
4515602
105568959
3865931
61124862
682881
12031109
2618863
515803941
3740619
57543530
4134945
865105208
769632
528247415
3194527
455354831
2323602
422839513
4920649
192037648
1472955
161694445
395431
391053096
3946436
792854168
5335806
125691504
942444
95519101
4182046
439218559
1150756
1404562
343254
4374637
191044
70537513
6387168
876221866
149262
117608377
2349606
64436247
3012950
125967466
1325987
77760813
553927
339535450
6682152
24728438
1814023
28249231
4796320
426853035
6318728
367672362
5493961
199492701
3524133
480336853
2906653
196799823
4596636
72427511
1694565
19648927
6312072
438033197
4807143
105749437
6784685
293547355
1679085
408782715
599604
2704297
3209516
61171364
4594895
164033082
2682543
268167712
1416301
394206105
489103
354928345
5353717
33392750
8677477
208129117
836207
118262748
8324831
395407601
506175
136100110
4793901
332580820
5596200
13180268
461537
600426349
2223134
850106177
4820227
1605248
2119657
34447463
1076216
69924797
1355347
122036207
157473
682851022
2933813
213483709
1483949
187628367
3114101
284969178
2442497
16928650
2249481
569496834
2544586
307695119
979443
701282964
626795
81058651
1308583
162190931
4824831
598007781
3550767
156510738
1596826
430362427
790182
521470523
3416989
25197827
5204554
221175102
5212878
217711326
2746146
113634903
2293471
18152851
520381
139592107
288758
130918189
4419433
154041297
7720461
64394064
3139633
93428731
8151060
211133709
1139975
234228626
2053463
5561962
3228272
950743405
3443884
21421433
657095
797416151
730629
779730210
560554
67611152
6432840
47892723
3270393
319172736
2973136
57284584
386338
57712660
2715283
15117450
3464647
147484147
4553513
435021199
1156477
168153749
5452611
245856304
2551183
165026289
5354832
847966788
2335179
138206448
60139
152125335
139511
145846002
4418308
155156850
7236744
16144356
6169338
26681739
820300
137015004
2034824
11470862
606590
703276339
2995780
149464851
1016053
87629744
1172050
126927641
5754652
485292845
7772152
1520656
3449507
280565526
2491405
887161049
1865544
710664454
81264
304598068
3250098
56764926
651235
546170
2909992
280449675
2245002
406809728
1733238
245076746
4109968
20700915
3551983
92500472
8851770
516992362
4941
696118358
1326320
15299421
7836392
281187395
2349056
486078158
1676196
9539029
1288667
77017266
3681218
167826030
981347
313922859
8662071
61437689
3047569
45940659
1298277
569228140
6649
221859796
1041302
548451787
785767
202814214
6520354
328513984
1947455
57552990
672984
61898479
520138
68705743
6340611
20768484
1470105
125713269
3443202
15631888
1048285
437418114
34588
64490783
147130
427087624
2197062
139945840
1392505
28827507
39447
150922026
7628
143573217
5029279
62240902
731602
68432470
5210014
269500276
396113
143613260
1523059
143698514
6434892
664563996
53684
272135562
5641462
307195883
2091147
479905874
954552
872456645
1227187
453092762
663219
57625562
150039
553737422
4573994
157292395
1994260
81562580
3491036
623420799
2182575
