10000
700773183
1403856
33150842
8142776
967357195
778925
464246740
426815
260621409
1643424
242337603
337928
607164307
556203
160799987
1685787
436490068
4566522
418340
2570086
601843616
466087
213385609
3478505
22698354
3199928
451917788
3358984
9819182
3360465
308269165
430363
322721132
802055
138074659
92673
107739732
8181619
943601844
3251245
167722687
1181007
173310242
262653
798184459
3921617
284608682
833432
6183686
7438059
108325777
179206
273504634
973515
419988153
3729733
640594952
484708
272717793
2471576
8167129
13501
24621180
144750
503901555
6694638
399435996
4274305
46176911
2141054
281378720
2308451
25965517
690769
66319843
341325
58845079
1314568
170653040
193191
427548598
306708
64094284
2791289
245919563
613046
26676180
4247063
482020599
1877279
294974352
1219985
237646031
6550069
140577263
4279487
150571020
402519
619381738
714611
225096507
1590799
236054573
331945
112105635
272908
127916564
1426214
269786517
1307800
837635170
9744248
18520014
755619
362613314
1030565
195700185
4761780
615035588
8284647
53595230
2632097
214905942
2229103
248777040
6266017
314937623
1061018
539106124
7520097
306881267
1865089
723484304
4881101
787666226
955976
206865734
213868
14499754
8389001
102342153
2792712
129635797
142616
623178229
9897140
577897541
1813081
382383009
2130078
171535329
3994113
48162877
589723
217502042
1919604
378041
3184994
177502950
3910114
221243387
8930079
173802586
6961969
162997328
1922132
649006960
7047163
731587753
2604186
16752879
112697
313597362
486073
153778913
365874
338929717
3608898
6215312
1406932
242689526
1291649
777524646
726849
218478512
2550270
241257422
545348
52930805
138890
288481720
496802
217633746
888697
323431561
2267572
285699537
123377
94772187
3115764
273990290
21380
161472136
3658731
55984740
779551
18576256
601199
12420656
172000
224163095
2977390
4153268
289491
198863555
1295824
165502381
547029
79540690
2827142
107293294
3384737
263649372
2302504
11329869
394832
66010021
7309342
433986493
7761765
114222643
624274
326104686
1767419
489580929
1715768
578419063
2467697
261351504
1750615
319942903
1931323
179763124
1654174
745032634
428116
1864016
2815279
530060371
2159933
490111880
4362479
34797512
8545130
9512232
8148623
22073910
8666
22307563
5452486
287376558
1972756
307066618
2959496
59070485
2616453
43363926
3847841
444610830
435469
198673571
527658
264144672
4274099
499514441
7439504
164569719
6350742
453288036
488468
207901598
4890646
29410962
1030798
123838116
4089174
181663571
4356260
213566302
447278
114040330
904039
269085948
1437645
738972890
789736
376496298
285734
148240841
3574352
42075770
7812672
319922186
634935
116002791
340586
75064530
79788
180554790
2341204
168864668
1985469
300158999
2015730
343432948
793278
145987511
3003704
78181084
7602324
194238465
3374945
135080173
5728441
68484170
631426
917394669
1251237
135933457
2590367
15168263
5807945
862141
4644262
668721997
853004
727265452
123827
597551810
159433
565649
584976
36880432
3020956
23491949
42964
740108
3679495
384138009
1244581
45631986
504254
130790605
946914
378399410
232987
149953773
394609
250628590
3639931
283145615
1925952
241108230
993960
12001167
1460754
588701526
2387096
53952556
4349610
7888106
24616
465194093
3146954
369859818
1887042
128059388
4758936
588786830
4552826
109193456
4483336
505456232
1699544
170314674
3514896
34363756
7847591
543310699
6356623
5664507
1055763
79774614
8895
4323955
48479
117228300
1104983
38166925
7085034
560683077
5826637
667519665
5126640
129095717
4572885
34615272
1841827
434095998
2058037
36020435
971985
192322814
2374759
535589856
1616713
187200499
1685619
555103028
1430099
149537358
2728633
153392960
4475906
1450909
4247109
345622064
645049
555911248
7515
102013663
228538
97139098
2734553
704390546
2282574
210376132
137362
440710247
84804
3560892
7359911
218178943
5518982
40688438
3255243
49185556
1645034
589400527
164552
169996167
842758
682423029
852263
324582775
8174360
41538540
9836424
130296414
1864220
88153629
174049
139897983
85434
69130947
3651828
593376727
1188653
72031121
463410
466350241
2438996
429650585
365722
708380165
5629586
131265793
6253952
168233
6406596
16229591
2196241
328040267
4510537
22466106
8979027
13441217
726177
177974070
154974
633759895
1079544
449539965
1102740
156755628
4072070
542387081
56947
630194784
6717344
171751924
3136647
74794205
1763585
198814974
965432
36725366
1502077
492083005
6360729
9947274
1046425
406800271
579960
510382171
6528786
487713624
2126990
80193198
244265
560158730
118070
145119332
602952
47032762
1563799
129725421
2665054
77743916
565215
435857549
1848620
199015061
2342105
649675745
4770808
979913791
2548218
357960351
812299
86804390
9547384
470685122
930155
138856434
4670165
388341140
1269510
59219784
3504884
143815318
3212817
283278753
788711
415127681
68521
302850132
167480
915478340
123160
165615439
2978792
44083686
5543201
204482266
237824
241072229
3178101
38335806
796286
30079758
227905
296890780
889019
313664307
4044844
21068452
3574992
95407107
930699
313884012
1278537
604824310
693264
75220057
3974605
152832478
968893
600830632
2942082
478898449
116727
121640652
570000
126061268
4568615
573294208
2238731
112561649
1736403
491697654
2024617
76584163
1567778
96516571
4778180
68317861
870901
196159210
2593865
19204862
242238
181862548
3384139
37682267
50233
181957395
2300655
449813273
153141
585462455
4678282
240300985
124374
813589315
2436194
225612163
661332
876265637
2224278
199317924
86784
47199822
2766984
94234622
7090301
399511401
3527653
429672990
309703
289888158
152963
146384178
1852278
172269574
6804422
221080557
1296675
383021198
3252566
32400437
3102833
117276657
1348533
18537178
4295588
219037813
4633191
8071220
8521254
122984425
3093328
663665414
3253306
9771315
8257400
114399484
2249555
503755546
5431605
12519171
3879408
217208529
386272
62078298
7739837
307684627
100865
120490543
668056
458490054
7546817
123163281
1871071
622595373
1555865
152975309
1638497
123730083
3056705
557022405
1722988
773898609
3515677
484768251
6396482
400341857
6852018
656546813
882533
90715942
2782447
876208928
516236
82945676
8643112
63139487
8485413
522279012
666007
144121468
3059597
561602045
3110841
351018541
4803449
218686577
351640
277374098
8843887
42264216
2989854
332231393
617939
116257359
2206327
86665993
513261
836173583
2416495
259288967
10256
13314508
1048670
422945033
1272282
43788726
3769324
447386777
1230114
772677851
479311
792648784
821827
102983184
6628157
34021524
463737
772750155
3713581
672434961
2681294
5245818
793686
59571340
328062
341317445
3636000
121360081
6615256
129633491
948353
891304676
589935
626784601
1054811
20596306
52401
700236566
1133429
457214488
144335
40970817
1141797
32992938
21182
107146402
6793782
189177165
2366164
336839020
556059
224228323
288462
182524040
1230475
5053505
2246395
473504156
3948357
278021112
6032200
959941
3730068
500785063
3322874
170641650
3983177
917236523
2308815
3265145
6646018
582364934
789370
88373409
2754602
465735141
1767401
209100437
3147387
926936060
2306900
489976134
3748074
17753640
3097244
344867756
529443
971873027
2089591
27891324
142047
289750645
1181010
91362682
1827195
89995087
7335867
101816466
4541528
724986371
1920243
159924773
801844
806653088
2114169
221050115
5695396
25349639
2421003
684077035
6282166
31381896
6444936
306520661
5999344
73082321
555416
761949253
594683
27065022
970490
196182029
253506
199786941
4935424
228645362
1015123
27033960
1624873
28294972
2133916
224183967
8835664
13391193
2096034
208228253
2529587
341272727
1264459
544795920
3198504
540234329
703765
358447258
4031062
202038726
310562
123561323
4215836
138884497
233031
152213051
1197011
64326473
120473
38057084
3812131
373608382
682298
237247072
2836772
32486821
5584109
278572274
1633611
462315008
3652559
492705752
7333350
153383711
8440831
359437642
6290611
237594024
898443
146267761
631170
55117231
5236367
70771764
579276
339304837
577813
210967865
4437277
743219712
1867639
669093183
1212662
490268764
4050828
148375392
4435357
122778790
1064745
23627468
2406132
62991072
710071
21872784
2021001
161370595
1906917
527880372
4531535
444641667
3843344
132604256
922812
96682358
1058849
279426540
3012964
126129474
1424994
166783826
669601
65130802
40265
139767487
1025761
160914387
18791
47272210
1289935
192383769
1364788
572604236
5882311
905937265
573655
618926351
1525789
65630296
1600785
806213
5019751
453152938
732350
502675012
3244743
221864689
2878949
607232816
3989023
419891631
8298176
12609512
157885
80383215
258731
476866796
9385016
311033438
4347327
47096967
1240999
134940442
470807
414571481
744732
440377927
2004422
66424892
4437794
28425553
8388120
78377904
3554138
48020550
3856788
628588343
2290460
197632838
3106218
181447404
180670
44046249
4098842
53792985
286161
499747365
8106586
652966781
470639
327083732
1280872
317139142
353239
584527412
2791827
10173032
235582
44724697
394735
539769355
1192954
27564321
366902
501341383
1453959
82022670
3504258
454219255
349140
11677532
233117
10856577
4293846
335167524
94745
306520615
123971
77555506
634299
66289105
4246143
309764385
2796991
274040658
1575
313539571
8699427
67286590
3784298
132854860
6146381
367925820
211756
423358795
1395229
860340402
237880
172492984
1714600
870693659
7672337
316347020
37197
17343655
4048154
660654787
1364326
480163394
6315438
593185836
489858
291808157
1789487
566228427
2116401
551864980
1382620
296797299
7948592
214170027
1473744
24504800
1169163
36645024
7630278
72802748
231823
796400929
1849653
307156472
2962694
73244172
2259812
357751413
697387
617795221
4092606
184998000
139491
50640038
2498788
582339075
139969
369321584
3829113
365584235
533146
203128099
5097237
542528896
6532061
163365651
671863
113381789
9306
16199713
2597320
523218623
1718774
220084337
226544
939826834
168306
752846247
171297
783116592
2247103
152754653
6436820
20786610
195917
979906151
814883
154221169
3492832
114460097
5142406
89427949
2016992
979771345
1815341
266110296
157836
308506556
336896
308719122
216030
697736505
5684233
153690653
4994474
324852494
1631056
119221910
4346603
19855124
7733469
260042512
509822
739818066
797648
599633494
2099825
87759388
3491935
248882144
213318
112797436
282733
302046391
1080434
523185302
583779
428379238
231570
183950921
5456779
216501249
268702
20963338
8635166
274698965
3013084
358360282
3858375
247134935
3312486
7515750
3322900
232122222
3848987
13933834
1118938
334371836
4010590
20127298
615160
207941775
5685975
145472286
259449
41383980
1707290
505277431
1127201
20497238
1071579
100654824
3584335
179583697
2920
36488996
965592
159218054
296962
119263404
2147406
17140108
5590376
168814532
1752966
252037476
258507
464825051
4445155
124101088
4026292
61093364
493891
8284038
956042
452681953
520261
248566737
824902
91955694
8192637
406305848
2546825
454262831
7618314
463411207
6846133
265616666
3396610
222298838
3037262
526798643
3162295
418032479
4458752
149847003
2061717
375625718
5618185
388122275
3998767
156029174
501424
369870789
5555206
38392117
565675
61823185
417937
270876109
608366
115952756
1715060
11110288
467128
105384596
2180839
162580575
151217
284545
461468
98666821
152038
271279135
2513519
43976964
2652460
8759333
269528
13616687
543630
141659259
3385217
22200016
956367
710680604
4473092
217879353
2768057
54846672
2778709
125574939
167543
311233420
7404304
1771205
754389
911152845
2735653
720680629
327329
126838384
148217
463768642
5635071
420733972
2680905
176676587
54989
4330065
977781
24447075
1038444
187872023
7751207
214655483
8236381
285513628
4145365
738380213
1438172
140797977
9672264
127189827
2713077
152118522
36224
231839436
1443520
13373035
3283072
562230878
1247768
912680927
3022693
218093666
7769343
108368368
1786640
68120932
499504
540277411
6530236
346535171
2004276
30664956
380818
14112533
465295
94323964
3418718
147461197
626509
399829784
5779488
554438400
307226
170969375
1763282
9184031
801389
632938854
4546257
77311486
97766
72737540
4056206
264046344
546701
314918586
5664621
543546321
335754
209060389
1870142
14958231
1307426
122861960
916244
354729424
295730
52314560
3562301
47400679
1203876
51476721
271863
248899855
5849293
83946026
63896
13048251
3408450
825621812
591030
6012728
4793305
229778729
411681
7072184
899606
383529599
2021789
547634810
8756958
207900968
2994612
316216111
1549837
49366130
390147
135714214
26103
373833932
6924614
224234476
2012370
361081877
809082
610037934
6000564
362540390
7769338
45836024
588720
595507191
5776346
300769107
494516
6362983
7922295
150924155
206407
692488237
3539064
707458328
995835
282459730
2323157
64873951
4988
431624605
624926
15123348
2340713
588210299
1795468
130130651
4579870
268077841
221617
451125261
1444439
135463645
2066051
332323664
2649090
65377059
1431409
77721997
902727
26367628
4713097
10419896
1314468
588765095
2125946
203154796
38687
81313904
311696
631850863
753880
76513345
1345437
70781155
8768423
1483156
2082
471218899
2571392
117090446
2966092
43866734
2977182
276941829
623260
393573612
8497620
26943297
2759515
355633803
241952
31080607
748024
528548566
7071073
251575802
8806688
12564038
3693
100089775
2132749
1496542
6214957
155169119
3203350
90228163
5357954
244058034
366849
7865952
4415615
75631445
3852816
7836118
230348
249459081
1606251
18849547
8693016
639952509
1982878
317991482
89482
19107535
5176132
833322874
40347
140675374
819571
39472540
3250633
843459211
2134122
420846818
2061963
153861496
41049
401690940
1835854
55945676
788523
83774303
1952419
381561784
1714486
21288394
1037479
194647674
269569
402866347
1620612
121380074
1933246
349904546
5656349
90737146
1382967
5697892
390662
262276534
2439105
141874599
3058075
136774762
1163744
702592123
1166425
508247922
7255918
23404608
1287374
359659751
7979381
291738699
1269303
100659738
4702704
144049493
7656889
6698545
1377839
7228050
3163018
309358179
1570897
85862324
3107696
474475737
312712
377846206
2185291
57212249
403767
111374051
738511
24417598
201131
279750996
7547711
767237209
1978126
263249884
5184959
553614251
1172018
230789619
2046661
793318103
748203
154856306
7070668
408259159
5787135
1550007
3192525
451395738
985141
266316290
3159802
221294366
237291
325452977
3660443
173494095
4361537
34489950
4005231
693820460
13029
770274071
4134862
8570198
1510362
211048892
115241
340944276
1241186
200650017
1493243
94310125
4811439
72202131
5318727
131737808
935034
429282058
2573138
275155441
1819191
35435405
1371646
155852777
1312249
167478705
696534
21968215
4184573
890554345
3021830
24929098
37852
251339032
1839485
355754014
665697
446382614
1136817
93940703
2370450
185671930
676230
291414630
7700586
213531812
1001417
530703992
4066406
410739572
1803779
523677914
6118813
67257338
7906769
438771545
1502349
11110882
3601874
235684955
7316805
592814237
5562579
510578052
4564598
4133819
2840229
100403689
3512075
460123294
2022205
38836934
1084931
535136379
5274885
68548950
4995387
589891756
2991269
22809482
641232
88012479
5793752
78755599
2560992
353496514
1141116
142991066
6163
169485153
2333710
177954096
6958588
237551367
1149498
142612025
1325629
131055625
3766602
59212276
283646
122491984
1509146
4610440
1030953
119839736
147768
51383707
63824
42229160
1961947
855719761
647166
111953981
4127381
363505295
232227
137974060
6456786
663659270
657798
166688370
1257423
40161101
5347387
285489850
3236818
232653410
2489037
999181786
651791
274989754
66148
1037196
6042371
70746865
567319
31730638
557587
654194150
1970142
51075088
745995
306743346
2908564
28857895
334783
77219757
2772716
983340658
1814391
128388882
1292646
126387073
599095
3238212
4479211
68928542
632916
15617468
5443236
383663786
3977252
13719065
1370468
61370360
1591307
214887683
6213205
114983209
2373667
115998127
122211
99862264
782013
851305639
4868020
855526595
2386820
97980888
853601
16033586
1949252
43774195
71019
249414616
2732026
22419178
534236
76439850
5403257
392980537
1775132
175303530
1342056
134266582
5096406
203116920
1422756
5419485
1877585
214402909
2353337
120041572
896953
42073431
9216059
91388660
1530517
165036677
774578
53176723
2460589
269261754
1988624
24447496
317111
176196789
3775783
215043309
1621822
50516732
1233697
551080788
238320
10622756
2030009
456992486
1817672
735929933
1182768
70766309
254982
193042313
2060235
32285512
963917
72287086
5612528
176350090
474405
344699580
706320
24823206
1363970
485893968
6860911
193394086
16105
7154393
726209
29952072
4412447
384792445
251967
612362622
5942218
31645623
11150
608659284
4192744
416389769
7446801
110005525
587947
15798037
2521208
186447971
998392
58706482
1867983
391902718
6379992
106495318
4410240
316904557
2259208
76856739
934157
379198831
3537922
671532124
2119590
350996380
3076719
369765780
8005774
319608726
1217988
210272355
412132
73464268
1400781
359504422
2598255
386134218
5326432
446422072
16109
348881588
13106
84459093
5586312
295771476
9159745
504311752
1409307
205835510
206641
188918532
6525991
84342791
6608887
676612388
7000488
605388066
1635093
29142086
562
501398118
6845999
108402939
4254321
475370746
577022
138903024
5777935
147792788
7144672
383399257
1996574
582369440
4631
497895644
1764692
13938527
1487156
227050101
69366
244606538
1389102
56123746
4799442
151513846
1416841
232884394
4443340
301179838
106153
43931044
251448
5773310
7878956
61037705
3742404
25885167
3601563
505550240
96812
300828538
1640190
700803934
5558865
303019211
898452
370482097
471270
566677630
2395953
334789400
417419
48778310
6783638
429591143
4436448
95212145
2842570
408383851
150661
528114276
5133278
238294900
134385
180186852
398701
72264519
2124566
48448917
7444195
55057935
29188
111874091
2486543
169725685
1085185
386829958
3548090
53009
2634686
352585552
274856
213243458
5545372
513241483
3442259
542372016
436961
85281973
5200547
83588572
5368086
61977877
1174322
340415393
3791986
965575150
2302559
230929132
5648988
279455119
161652
260525940
4877314
7462875
4684079
189954175
1421136
17827336
88700
404907206
4495808
8152356
4199908
73915861
922962
325557056
1397086
398121431
4536615
633296004
1501157
296015525
5081969
487644308
1788906
601201825
1866357
45838423
2542565
677380697
2903270
206229967
3169393
302088359
2056841
319311638
2440867
583123191
1404586
248726740
1958162
361651626
1942635
113728398
2613269
46476377
1634562
231070170
1229411
140948616
515738
160773642
7275529
325537248
1181902
72214428
4614986
701265044
261665
327890896
129328
319069556
1036857
173079460
39736
27974097
912749
714771881
415964
412760610
5065948
521525811
9634855
54631666
4036113
213050122
2269743
80628975
3658130
278636987
10270
48590345
8722856
184140337
644935
423468868
422912
189978437
8463130
105255223
775119
5326383
466778
545934851
2548453
868652525
96325
348719103
278249
32246097
6243492
249920701
1129227
359766232
4867048
16295625
6419099
530054820
6179262
298313198
3422656
794191103
750393
420464994
835950
828935
5039301
315923151
602119
92478640
5999434
116630606
108356
44718389
3758778
397110383
319133
309029538
1478271
5750838
1365486
586964089
148686
304816004
7995524
166071394
4057829
361485759
3805440
244290494
346126
118830188
399027
398740693
6379247
1954642
4235860
47864245
2038288
62683807
2061752
603932395
903583
266671249
923150
21029558
49308
153644627
483999
78432830
2301989
60556010
1915956
118356082
6765196
516648688
1182268
371267870
5141617
6692028
3304875
594221317
3571302
19842
188370
33770618
3240568
963177769
2232318
322316982
3758064
28404134
3229678
615890567
3018919
216461663
2353209
599413611
4483544
280129838
350448
284810609
3439173
229366313
1512240
115606710
5213067
44568916
4767904
368499117
5076147
223409992
1163142
33316495
4314503
96035020
5143016
54712156
4903704
281595706
288556
504234813
7137725
278372016
93395
611035729
15392
381106328
1924870
142478484
5354818
6124628
7734412
917449680
76170
772432732
1334791
34776853
2792872
290727032
6722975
60582530
99029
132838286
181129
922651360
8280874
544636439
3666145
209482079
553150
148760945
5265672
979789894
349606
234077942
100419
48532569
1197534
465089781
2786704
125229543
1948682
710560884
884161
53350296
1068644
497901569
605303
48370068
1264612
237451041
1392804
313880679
4380765
190190157
2356040
40961931
375575
372165531
5752033
173937134
9477178
345531579
607899
242239071
330228
14469111
574252
73733716
4096782
129836481
3055136
553746976
3801839
409810014
9845243
189645359
3277921
435247906
6396935
41487588
364769
306655937
309324
5505378
4241920
416664714
2382982
11952327
53620
91521171
14166
43721466
4099294
97116994
2365686
303842759
87034
144237091
3174465
151167173
3862050
57483699
6583759
577242963
4119417
122576295
3047455
273415765
9230608
71738798
850789
817260891
7373724
587467450
2533749
348087675
7470198
300620593
3330541
133419942
171971
143280435
2914504
9125057
2022759
116791560
425338
724280348
2055666
756991875
1906152
984168705
1692831
702297771
137323
26688528
3814167
399696220
884270
102688173
4829352
198495069
1256692
340691257
2158622
186394208
494139
67494989
2489065
480694586
75438
96751502
2870782
185639425
2779464
77008351
639283
631536812
3976558
174096420
733573
229035130
344674
495995558
496388
490231691
242482
18173013
476464
317447376
3013465
151275505
2705230
727503494
1449494
535557138
930034
13841647
3188265
500133570
6308052
24888849
2688060
908891137
7918328
623979039
6842893
140504452
35550
120057657
2329801
636611211
5715413
796563581
5991316
327017775
3666300
158126964
852086
62812576
704292
316066294
2568354
331051322
3471753
183122871
4615780
606765959
1940475
16402939
2312817
65485952
1124567
240672664
320351
193410758
1003506
706807984
3831200
497984638
656769
138863012
6201796
140908165
5036668
102476077
9463041
261477318
1118401
607252681
2581179
363971010
32312
845662524
767256
18558040
3167999
56732452
194960
653434886
2440359
44309253
1435374
224081310
1024584
121695
1149453
792302793
227246
611041281
852746
118011332
5382125
115849921
1216674
114603423
1681933
981014800
51689
16293974
2655624
453465718
392298
298205932
482646
431833151
3990943
241952747
1527846
329719110
7432111
132780869
5161395
276577954
4243823
141252154
867152
25986920
390114
92918020
6556622
319416180
1663939
85958225
7045522
692367374
3807891
136531069
8362506
191695999
3915
177634924
1655769
107422829
563522
134810168
2124709
79010259
4042384
874329212
3651475
18206157
5399321
318686267
1567415
494325511
1087458
419283742
5270661
390244691
3696167
242267006
3701355
638141797
119509
481801695
7164028
80406140
1322631
97696447
4855813
406757128
6127507
246483198
1765198
599081780
2757935
77237911
1977586
332204186
6381271
376068684
1029670
929829592
3665959
354506065
14009
956951088
1896872
128587643
3040882
271648418
4865807
126397172
6665538
123652472
599633
57520786
3109707
16196671
335995
615482597
284514
279950029
2982327
282013137
1460111
555424576
64455
29650766
5630426
433068765
6658623
176192827
245534
68104461
819073
61924546
568136
66908326
3526533
363314469
52347
55183283
4936333
120706719
2480055
3849585
607116
140318421
5629520
613271891
342721
95500595
5434935
750173837
1048559
596459634
8406
92146239
1128027
438712465
193562
200619372
33160
583569773
113589
16815900
2367491
581516022
531219
675070456
5008615
94060146
6362327
7027055
3442141
296029597
7861757
614239905
643283
461073189
2288468
51979141
296802
195137344
1028892
362490799
2143364
4539662
3911403
638664131
2177768
379794300
4615426
79126097
5209788
201861372
498546
18557750
3188385
425756452
756566
834345565
2025281
470174239
2443049
34626001
47433
307424379
6396451
218827110
490589
93298265
924640
7127982
3082418
152804197
3569713
357661034
4833996
757434973
1786057
496877541
6335845
377106955
1057316
331312366
34772
153977296
1612324
1258816
1803762
17888537
2856865
72220393
6059850
139472093
442901
69212684
2461028
225827303
59906
424034057
1124255
1745125
2938234
422095250
5655666
321560844
6902714
361810927
271125
467603059
1085098
131461147
3102832
34083063
107420
314492100
5164474
113699104
1866694
97799593
191276
105507102
4995956
6805195
2318602
43628236
1250787
7833651
3784802
35387399
2533668
195690373
5602047
366848385
2444535
54565043
1673890
96718084
1317119
86802216
509803
270270261
2265680
527460470
2224024
512143468
330835
388285563
1000517
101456317
534986
420875910
1926060
91302565
1694187
607710685
146196
527359562
1577921
1582730
1457003
269312226
421045
82021382
2995754
58595689
5647474
138573687
7359317
246151996
3758536
20839433
2813829
54414361
4614360
65770620
3043073
3459944
6372115
221545106
2621200
419518408
3398223
237633769
5978362
19692335
911030
46910563
2745141
4444674
678534
275536401
1570722
484122623
7805084
12029101
3128404
229993134
6201724
15276182
201120
631441547
155107
776054902
8331833
17159873
4256620
222522011
3020035
307013265
106626
10755878
3191981
497340591
1068425
63954086
3609765
114542483
423070
353437111
2574687
807687904
1015830
263912163
5123830
51787850
7524948
251393534
2852729
14221346
3752976
624642568
127460
412184437
3851043
215861045
3963093
76712489
951853
115181606
78747
636354192
1828064
345202021
429193
163955175
1373285
574643958
6593654
365555099
781370
4923097
4602994
94815142
1150241
1114359
3275000
30489402
1137151
42758323
493054
935177176
7716621
36673487
5213836
171055950
7338577
608080320
3387409
53235271
1447569
134657831
3261119
47378125
2075200
169421096
7970725
557020598
7291173
306056682
471760
182353182
4741008
708470374
7360139
216668524
5284060
69647075
785422
112161428
124873
459122455
3162951
237445832
1095416
783776465
2985433
23597145
3401231
415108821
4417891
56401852
3947269
93752104
348338
43036833
124646
745744636
4135819
346971654
7421942
403628102
3441675
506440005
242581
407477906
2685720
322092337
3648659
106476684
835957
257633618
4485155
201675536
2999436
258232972
5734144
516998354
1446020
446865695
220242
34572285
684257
499165384
3778810
405541970
7590818
15630370
100157
338846320
4872016
881860693
53255
296464967
241766
176855889
2440851
719523095
4032265
341675434
5667554
87611986
5648226
28452677
153566
2458483
545290
216759841
5717484
116305966
2372943
19911358
3335577
273566788
3537240
458771048
2074757
52078720
6044047
147206584
650266
421160635
1885186
361645418
1315033
425558704
546518
322356620
4379299
489294258
2600286
381725801
447868
718167559
5825812
857116304
2585893
6929292
4605792
120878235
840829
573584513
9278680
140384646
8999622
45542421
1238365
161785904
7275490
195455384
1160995
708255593
1884128
109627110
6340396
330751620
168897
601395591
1178996
136906454
799798
148218044
1994661
856291143
3881112
54718246
677886
390251361
138665
112080452
1683891
340249998
294216
125375580
7268983
16987501
6086961
42485280
1237528
264936136
4101721
273657380
3212389
455644461
5319802
272369166
2828009
403675930
1370035
125672773
3627459
878031825
2778102
407274199
6954012
226012796
3683370
164674468
490980
283720818
136714
826838991
1506312
778145641
1094612
929564043
124921
117796105
4300112
553010891
1765728
784795553
291087
144389274
5382272
148831731
456299
339678007
87745
101201568
3607868
247905204
2294162
210706628
810492
366348181
466184
168101670
3428265
329587722
3758582
698056497
6684775
195230975
2151633
9407754
27906
173632489
1265715
675336383
3171942
593768447
947372
55739430
6123416
456861256
3881514
767523748
5677753
638839198
5963590
209555486
1030699
57183825
2321463
250905
147996
344755958
6057503
272241530
413857
233164953
2551835
15819304
7011066
41390173
4752560
347258442
2072403
507452110
3942782
23408702
3186836
549035390
3761608
570825975
3689104
4266320
2859016
6763811
4985703
376972917
7705297
878825586
6393307
260645811
521432
12595087
1431275
367855592
6062778
114599659
8536598
2804562
32815
810613346
6008695
601109043
3696868
109487266
635354
392808893
209583
877287314
9155017
402213909
828467
752082756
1443921
38515231
389784
540210797
128560
11099857
2437625
467497796
99219
241681302
1395901
161334281
3315792
17010310
2927095
212750565
2344513
113453218
919817
140845504
4537911
141829854
2766835
43593608
1385510
47446380
3774817
140014902
4553780
82271917
6396488
613002337
1295907
42678155
213947
113097114
609635
95690970
2409243
69253423
878346
360912896
461952
90759736
562486
12011961
7395949
503339810
162098
70739453
9501367
30984758
1496532
232190136
7120040
11207297
546847
433325404
4944149
371480638
3772029
114200893
5050039
637110180
3157991
978015451
269588
259733542
627784
96027767
3702949
19354437
1758314
144738065
2575870
745113419
11286
4730597
158526
36535798
2103344
385698203
1651264
229029371
1371151
144040761
5156119
463237455
2663250
293863528
868628
648363193
3832788
694197113
1570273
502000559
772062
73818528
2245414
239817097
3233715
802725889
1024300
13514872
8823192
38150443
439949
470654806
13604
539516779
3367983
235252235
3691652
34547411
3052847
806235732
1791918
124753548
3496520
661778314
689134
27364846
6452755
342484609
1117434
373631922
1165414
132596555
1432820
584246963
7027211
787288401
7516203
158917416
803683
997374830
781327
398334730
1732083
153967530
2565326
366694832
4392356
46519908
4221293
180849660
1165845
387280294
3695423
335009908
470108
267539128
912442
921512712
7576122
671913741
240165
771075476
2201597
54464830
591669
276928849
281283
142128467
1164063
106729286
1608921
5453419
1030727
268278244
8336101
136166362
861356
374101757
2452515
500295470
2221533
101910793
97674
27775316
842251
888626482
1040223
666363018
1792813
48735566
1577229
98996282
2013518
13768337
7917394
5488664
4007228
16789963
401199
90412211
1437322
74050141
633400
118586260
1571461
406100454
534855
412263109
99881
557867899
1906907
468145941
1314167
359883574
260213
287110530
2114664
56192066
38894
593685755
3854038
196176748
1964769
104192390
2458525
152785360
830535
480409340
2989748
50463809
1293280
12150192
1413574
360678385
180440
76283845
4459791
169172433
129435
38291639
3082383
91472028
3883704
189800110
2303095
59263424
297152
492552470
3426004
17068830
1700075
287025770
1681797
455200113
1943188
471793765
855078
59013713
257004
61513197
114416
31536959
1076602
52760570
4601966
689494575
1081752
75273611
342533
255091431
487681
438043383
20946
177823213
7945092
345097874
3289044
26194108
1684327
140858315
426531
500368530
4275525
207639853
1584746
387479722
962717
45638899
4221805
170826648
4482451
421376904
4141944
22061899
6716295
58122731
5255069
610846963
6728929
9948333
1450893
256136449
1003931
747557812
5887650
39362023
891791
627638342
663518
265719759
663394
75436447
1726967
39364990
3982722
123403829
5778331
19650911
1202192
448119068
383827
493811565
3753218
166317742
2839167
542573240
1457445
243852419
2071666
616961405
1315817
394141498
2044437
51057540
257607
324395869
85088
182092233
1105852
439376975
5634960
42572255
4483508
36136497
5545227
93944993
2498699
54457773
1018888
47215054
475499
147450667
6258
173160358
4894503
211203171
233088
749436789
798470
13178457
1588031
908379377
1449774
648315987
217957
173319666
151362
244107655
884561
570280381
323394
175233103
2332187
671933019
784432
182166242
383770
331065540
502976
199333929
592736
136698976
6951542
817341080
1034743
445698763
271229
701444012
1381713
168015873
1323908
816065709
6858325
9372604
1966435
591511162
1172666
759032654
1557935
804872480
6093948
32546610
1326881
824718643
744093
373699609
16520
359144436
410910
113804147
672725
218130557
284510
39296800
4850589
515909483
1611214
71839347
1459
86570264
3062004
121053600
3037862
239429944
1532480
38856449
3299795
43355728
9019042
10296857
1389794
10326446
2283929
12568301
4479839
603332508
3264862
556120847
6462683
304386190
1863728
697364998
429910
95853505
387475
230638797
2069318
239564933
5286114
833834124
747011
137587397
7696181
435438455
5525652
579075758
4880570
228166479
758000
132612917
3125224
104487005
3260554
322794959
1925435
118850147
3254862
99993876
7630910
491339602
1956834
26812924
7138751
8054919
6271089
109180024
2936706
177579263
2093423
196052396
6106669
78153055
83130
179813441
3324843
67032760
4667480
679503394
2192297
10872149
1607353
746089087
2384660
179260053
5891327
233086183
274205
266862084
3008249
49838676
2776797
572456811
179607
344985346
1823441
273454698
2680167
212186451
2089579
410350599
969898
421349900
2062421
338523428
6115820
280096636
567664
84692622
5138691
149944390
2737966
323079464
3908313
75377039
3390226
719554519
110473
664251756
1417707
72573981
700081
215484049
105228
443498915
416410
585258
8446896
131056416
166136
928589953
1622055
217055595
6883784
109409955
5257687
25605610
407128
221290001
3276284
189380072
1825168
604039237
437899
285565720
2152153
362156032
1042930
830934036
170978
726210447
6745409
252385944
832250
6341466
175103
755712943
820669
305410637
230377
530174794
100673
294865741
1801167
115186171
1446578
368434
724075
8928309
1487058
245535129
6625132
51243901
399928
385533026
3677175
105543386
656059
2821834
1571518
582409377
7503213
176709939
1003337
642123090
743612
289660011
7428597
499525588
97646
47951489
5288298
276094697
4333381
306506408
52240
102093619
1009725
177552999
1683209
323318350
3992101
786298110
1803319
63900360
2047748
120128629
4076934
613693167
8521602
167586631
1607974
151233897
6640807
211544953
940285
330769307
2016105
3265651
3452134
29526021
103965
157700964
1364511
274269979
3326349
239299842
5347137
457005266
2243877
456601408
1438
56508502
2712182
274332
9308758
357950594
3783564
140650236
490595
211553711
5819096
332104776
4936567
400563022
2912293
151705277
2602895
392991991
8540271
17227519
5716380
4625663
5116689
425104969
1871757
706994503
612968
248491991
87001
212880931
639953
10339335
468676
157787325
3486709
418101205
2521473
491663055
2247442
561597904
598296
60607845
75032
529013626
7482840
470095036
3423837
365953922
4974312
219373151
2807459
589997802
1980693
290815191
162697
174364015
1942162
129308480
331050
66441649
1471038
711316369
6124633
661434634
3480370
325810652
5624005
59819697
1169340
282764655
548251
56696746
307647
586553965
892855
58984529
5843013
293379134
4597004
84255708
4352581
798934320
1089270
368402439
836139
131115299
2236030
255096350
6589516
330678603
1611688
30892009
1056782
811970537
580676
174329791
722335
413223498
5294948
376131721
3316117
169340656
521689
153169294
6087796
560447625
150099
49470226
3541959
382782980
456199
210787920
1796623
761976952
227568
153887022
703034
323618456
5643600
739774708
7657473
209817733
168852
262214610
2413224
321477128
2501971
55154239
2128511
14660699
546510
257784552
2445183
706053795
4314053
776964196
850027
165408463
2206482
607877543
4974562
235419623
2257158
255365828
3212874
396872295
2332425
605587031
3525166
411564023
976757
244700316
1531605
205079896
2655243
30108809
3400122
291257828
2873062
84951166
3708999
811992994
3540353
238478895
941308
369339809
4461841
415125138
3895992
799133206
5244417
81834875
2936058
814300326
2011205
196269887
6305555
716370333
701854
901779493
2126142
77873761
399177
761002282
4977999
45726961
357010
747621817
7666683
563998803
161902
108692703
2916050
185851626
3216210
184598752
1865905
826856746
3291219
80771458
705771
488906715
1175333
42663250
2926115
153490144
2430802
153179672
418680
455657331
2802972
224779193
58044
50037700
2050517
33757557
851358
429523225
7292
17382
416534
812327225
5906456
204379798
7730143
245622158
635703
135238093
1203524
100072686
4556126
65278153
457606
219660340
243948
84627341
2620664
60015527
649609
83649975
8686061
748972306
632143
466238613
974916
752350626
4529344
143214362
912630
753736493
138602
518392573
3174441
74683761
4215461
445532428
3978919
268548331
2523592
24738545
100040
267250702
722900
208207732
271532
677543342
9438811
11395295
6776954
24284794
2079958
1991818
8493773
172696245
2147395
452278523
9850013
289451972
7004432
589143781
3906607
336599211
394768
2584314
430964
93378282
3792522
852686271
820006
363317907
1144160
665605
1268104
540114
2293540
212174736
3090136
52552033
2826837
588300699
6271995
377723624
4333889
5923723
1274227
579790331
86679
701633326
2539727
84871869
4301419
485630132
6859351
22971367
3379865
4671340
2783854
69668485
1982888
153259036
4528481
808425428
1390995
136911149
3344777
348387854
1371783
21619608
71521
612244888
317507
177307521
2641555
55555057
4062171
1427758
7089833
347300132
1114218
324420129
883875
480971816
8348308
138141078
3046436
86825702
1609573
24061645
1529846
536474989
1338516
118765617
1034643
349676176
5827282
115919098
1148657
230574756
1517412
743567171
6928907
313378143
182078
348519730
2150431
6216261
5315789
63937792
5224294
18687071
1769410
8402306
789875
980285561
2372098
32925361
2119686
376675777
3825678
557955163
141522
760051623
2915783
600129367
2106186
397589538
6659609
53521287
196969
256763968
184430
506857515
624112
210469495
2043174
20273793
3828871
1520759
31296
123215076
1750678
73231445
3523537
414636092
1556046
185708375
2433196
103834234
2323336
180865122
51934
70690280
2212157
182386002
242460
851027976
790439
114380379
2172522
426561375
981721
292751027
3247949
254816658
2049084
66828471
215026
101575425
625421
9497795
2776
256175012
930801
67279066
100502
577310525
6908936
483352024
3620610
207501431
4744003
819684391
7260078
853472072
4164433
9895400
6314122
114278648
1404630
461376523
1085447
88178720
1605905
247994358
300650
200744833
4227851
76861451
5529683
517323938
713329
630383258
6744228
279422453
247988
25036635
7843327
339915842
7469639
242284524
2342117
172646202
1339516
800130291
2839371
146337643
1541784
318506255
4262067
68527693
8982045
93202803
6517858
217441321
701190
406234056
3361196
234193611
1489598
70049653
1345321
134435992
863089
50815841
4109538
399522194
7639923
533132356
914940
582241768
1095192
360445828
49613
520786664
1868991
22659362
2699296
21593697
341415
82734676
4534029
31297155
600284
481708657
7859308
49983698
492388
931297116
1869377
560579588
1904074
256465878
3890437
8543614
8718385
279307298
1253396
7388090
2778779
78526231
3629454
270723218
4262514
337891481
1270913
444392764
1340634
107917252
1532425
343929679
265166
91312367
2864592
107461517
5694727
286044085
7801730
257029350
200912
295623921
1312376
273689003
1415909
458306597
547748
135550720
434790
267226383
215374
88294567
3300420
190474608
503909
330438162
21271
59837545
2500264
476706202
5142390
295798325
6785882
157506554
9574849
237202514
4127095
131947126
3163502
151461210
205817
712548774
1863862
360423135
35812
63004091
1596214
466205726
4101673
202671429
795597
221014463
3702562
587284874
2608434
634932047
5113348
162267837
6959742
807383614
1023297
539402559
6350532
150172734
246132
91964928
8219434
422804139
2681683
588749333
1630814
391596266
719835
593228390
1574869
315828554
849081
551598168
243899
518122689
1902739
382032772
307758
329788014
4483547
48416488
5511578
117060502
9217079
41741357
232236
251773234
3044108
155359446
1273029
217760332
2353218
321467429
2569903
759391231
24483
328487791
3099161
266623643
2617009
44400427
4588837
58729591
7972430
2041571
2072207
107567963
2423633
75347646
4941032
363363015
724626
82997683
2337890
645712209
8551658
425661677
6270039
407339278
633420
196697768
6861879
309016233
7114063
322710975
5336427
198971172
7051348
9335246
3134744
457881113
1680467
377477251
390030
361499958
2239440
222666922
203245
207381623
2785169
148864174
2048285
489224677
3111513
222295821
170965
316992154
1616560
327761193
652525
83156174
3578863
205388461
545411
536591122
234344
65713068
2628859
529803420
2282364
331515408
2523421
157038416
1610811
95186831
2410179
94033360
358033
735004356
2021031
157721203
362535
70746213
1485059
254538757
2272025
308567677
2738524
115552608
1256743
16996332
2372115
284669316
2342760
154926261
4445598
605590774
2039882
461952405
314246
432750230
20713
101107184
745204
2784231
4602150
116398765
8229553
806603100
1325594
84795234
105015
558176584
87512
28827299
1590273
368775623
30133
212173800
6238984
637815655
289333
210539839
7247709
826602469
64918
49475361
13201
417882396
2585532
317922648
3910054
494372687
6094644
137311507
3518950
11354754
106634
507574594
248093
907115554
2390447
128691416
1393733
8894064
2271172
149933740
167834
63666039
2651140
109977953
2682890
48643754
2205543
134399637
1071916
676255558
525810
32056229
1277521
650730335
3843204
808046803
3438823
426188001
2630759
963098296
237947
122173214
8248141
261169395
4203245
163134784
433781
408718502
3125246
397102401
198731
24331583
72960
449106177
1221254
512377989
5055174
9975958
1004395
292666085
1084242
163694687
4720
414180193
945501
10581056
3187537
481236276
2137270
207674644
1662560
154918709
108489
492603584
3188855
70261260
3772464
19540017
1465721
288581402
1151414
381989751
5147708
124585624
1909681
139822030
4433990
80140874
418437
287443988
440330
23780375
1505027
456165946
1080681
6058532
3125945
192466783
1673049
44624879
1828856
72845956
870921
50204186
373879
216801451
4063687
28418050
365898
69945028
4326330
20244877
3917004
704655730
4089696
297544887
21787
6158079
5030022
592993601
7459217
791728
7668497
374458132
3036705
871693974
5453575
6158028
584759
210831075
2199922
35316298
4883219
60412308
6326986
14643036
1455341
467062474
3459892
442812634
3119010
76099777
1229017
454293935
4821436
176170863
5472086
403980530
8404827
681067511
1567229
31434854
350385
532063261
2596505
231521239
52402
670585944
408560
407582610
1374394
331604178
479821
361873644
184941
160958642
4338948
206774356
1684814
301655106
1868056
287712503
493451
19483965
618293
22783077
3634849
227065372
840587
272368890
8253824
37078188
1029371
214058967
5132888
824365401
882303
283410483
4246545
109133275
7014030
455914194
4575989
177879996
8693883
3215476
2364521
342468991
444036
344714685
1165522
650892816
2767285
138321272
2419406
156140547
5043743
266293997
940682
491204214
1654696
170497423
1828645
180382522
2357375
106921777
16940
319272157
245367
160084525
1958171
187237985
5841331
617757679
8327137
157588321
7392978
460158839
631672
75386734
5411587
843059429
2350220
65494199
1340974
330935186
2646546
281413750
4656559
338250052
1914765
172268163
7132431
366565729
401999
660758835
7608242
420429691
938977
34393290
4951497
41472853
8524274
643590224
1746026
33406510
2466674
155134745
2238195
201328617
449603
30981049
3921675
299571071
131314
41752646
239343
988010273
1253324
361225984
2072763
210474127
2456847
168448484
3198771
224969124
86106
564649863
6083377
175108097
2251885
353009257
1325725
99830411
173164
115975827
1369837
32231535
1967901
142011869
338517
4909250
2226838
91508571
5037124
233538192
5930845
412291128
4702290
466388521
3142192
34344475
3261586
21615744
2128604
526943634
1113868
803444025
453819
230523067
5605982
240708503
3898280
769579863
3287529
359925061
1449834
273512110
3311483
474908564
473596
131279874
3781
13724057
4852149
25566931
1895501
434890968
355132
165977119
1521055
671868946
5448692
87223275
2982434
145441285
385306
464217653
3323565
843699621
166630
729695271
2004192
53388211
9004397
31904838
2801795
348533776
563225
447569510
1216108
335768852
2841576
381383378
97023
174882466
6515364
39624789
1149163
174158048
4708997
21855923
4183512
361873187
1631486
155465038
1629931
20340507
4805262
157335056
1354096
375800296
2744021
123423779
3351882
571537889
3150840
513647748
1972410
170039183
2769474
18976962
521182
290902166
268753
892449951
5943955
287762369
696581
59834314
694844
218624718
1497809
373811349
1162457
160690456
3816571
73335066
1667547
127393789
204933
820322552
5860316
11270177
1675180
69666055
2975035
50638141
7395467
660454009
18282
13600627
1334450
357887659
2312930
407471900
2341671
8535661
729410
146459630
1551301
149453569
5560011
130252281
1118036
529655982
2248394
386468165
1271282
223755482
3635063
558128568
1762592
266836612
4090724
138712810
396115
52195967
1093159
15696951
701292
27018940
1591111
34963721
576320
468225067
781815
565734463
603542
391079948
4897415
191730960
5358963
234638218
3121446
460577524
492981
199945204
4453534
23365841
543854
205487768
6722493
435230219
4660757
201140534
2108660
323535300
3356618
63072305
5865433
631059193
2008909
415726199
6226807
312846465
5510659
179136058
8847420
266366398
433593
139023229
4610224
26809070
75319
298452430
4469865
227687340
1002629
275261406
753429
149514167
5799246
251163382
4127708
840015486
7714562
220762818
3883116
210566961
3419344
113571184
970964
417252585
65208
324531460
1153288
35544864
129812
45754242
4175260
460517996
176724
219092731
215802
514009084
218667
326734961
67158
29876276
703407
380369186
1900611
652476387
3524991
16670302
3139726
427725279
2016919
129607379
1084767
19016799
1053835
787181379
270480
225640050
80315
676800848
6918451
129324358
6146814
782251152
1836607
382604013
2775491
66427821
181154
217145578
4713686
13159794
704293
801689378
4599476
22834771
8443316
41979425
1450073
259344629
3143584
151512689
2615157
430849987
1209273
734485860
3319044
170127087
2261321
10831880
2782821
642050907
48710
158425
3310302
881877475
631345
178238606
2626360
430412625
5297600
219211454
5486182
385153754
5243
465276354
1266791
192525817
2506690
2731991
179577
526887394
273416
208033683
6675390
268795611
552683
66966270
1602314
61565106
5370759
802343834
1753893
47855501
2938929
762793055
2940183
1992849
6293753
137147095
6313028
7390857
5861574
221823152
4191867
23672267
5821569
182528279
283380
389084292
4750275
81158720
4347482
300569042
2384145
115193999
538139
177634029
1075790
53921856
45256
173127011
863884
822815574
77284
467823868
880623
5158966
1091296
337640732
4767426
100880600
7935377
288310350
406228
763048802
346468
154997547
4295071
72161752
516178
17342881
246503
102295027
2366895
161063968
4911795
519514998
15842
19676649
4549695
438800855
7317702
156036823
170369
903207890
187706
339169983
859691
98912332
5190973
567681143
5649121
13518496
832987
18313467
2096126
204271338
2499335
319161547
265183
45356729
2459981
122711252
1561480
743672774
7528923
39108411
6226087
37425391
6172810
66716868
53387
201251778
3483154
643702831
1576569
51463990
1069067
423353519
7703088
616461565
4568164
194901811
2494041
705035477
2171656
849233294
1405412
713840336
1094846
103915436
4684944
35993720
137570
112283460
3807379
279892844
801996
26572986
209892
43920004
1539807
88442891
400559
20490505
1565665
326764226
1783622
377831819
104866
215823531
6539882
75001571
10466
4605297
3253227
94894845
4849080
33463986
2782094
74193070
5596286
352917169
3252993
541913844
6088844
160447231
8756260
297607029
765453
522977160
7088510
80612709
1686230
499098729
5970846
9723474
5134879
694773851
992036
211241651
4704471
142415
2411107
772607931
5654875
121754195
1049599
870008496
132141
390325376
2359420
30060889
6815562
172925733
1502180
138867765
7892909
490211529
1833944
720601440
315620
577719564
2212614
406800985
1506598
604613542
2852811
1123245
5709262
700331387
1296188
1977395
836720
254593683
137079
254384813
2946193
211060105
405752
630285505
121370
394515179
1400261
496728527
4062404
586896041
238865
249643032
2060967
17887961
3437134
682464416
835575
65152944
359379
15670959
3373491
189451996
1329964
218641948
8653700
76491681
241297
483943374
4012515
429606808
1824543
165934669
6511561
73566
5631921
40199367
8577644
111687936
998608
338177866
408926
252639276
4308175
394634150
1647106
247465789
347336
30288918
110628
199365871
163799
859844594
1543068
592711029
267786
17698336
1048342
17017655
523679
442599798
547781
887867473
4538253
438043800
320990
149840255
5467866
364494576
2640124
127525264
2889659
152667950
3366927
752909379
3799237
383248264
1539505
379300708
5767271
450659593
5548027
36398604
9302035
90514380
4629476
8898091
4021908
163403902
1208722
57321153
1183576
686559170
3540491
122629903
447683
223814783
2217009
378013315
386804
193203026
1241348
263494637
4806199
123895269
5039652
89380055
526135
474016821
2466705
53680282
1967340
3352625
969408
714132922
664119
189727435
5305923
251780907
626681
187764213
632390
408219175
201539
226667595
856266
447673482
4593127
201755552
1146066
2261556
3724183
453598353
5176942
30666839
441798
122656824
2664489
727983656
148128
174341995
1982626
395692555
2825718
18705451
1696066
12911615
5797164
44291800
739377
544809923
4234286
595298896
4626396
117903826
282163
439536058
4151823
97796778
618311
206803
3198262
107959019
14938
248881726
970505
867791295
2017503
376992996
1784847
164888178
1264437
473909552
1440354
5707819
7523756
4152632
957430
125638119
116301
512203730
3161153
708051889
3116480
186457911
2314428
135913125
4562956
74403950
755667
133516026
2954198
67701395
4568205
279833323
7457268
12960555
2788595
284823938
502089
372367568
62339
321933975
7396
683111773
999201
51103044
3110363
41538840
3502624
621786046
8714077
954391143
2386099
194201161
4657229
74576780
497888
130650563
8025598
389342522
676432
31042402
3759542
970118062
770868
208781878
5277171
117387848
1796126
153076884
6407706
190161320
3117062
9781144
2668755
17143779
4267013
531984668
8720465
30885083
91404
105145479
1573495
842182633
2747566
95167954
55449
25558803
5168342
561970399
1932771
34842860
283950
215774254
2937089
141782911
1297324
503073818
4843078
49911653
302317
430104944
963053
625695514
2143185
333627661
1826551
442689046
441363
224381765
1558057
263157941
736185
44928123
1579379
131676248
7382493
86221492
8532958
96138135
2636511
97645532
2451641
74311362
2111454
534004425
2049211
45499210
5193164
314648675
6585518
141537364
1885946
317328186
1721954
622480094
715781
15088534
300941
328665398
8017512
283288198
2482310
595415422
593657
71720662
580006
79186945
2064032
171682444
4473264
472664805
233009
129155422
545862
658425780
9785
17242459
2503123
157998123
3664705
801957595
1468343
64249126
190464
537319226
3713170
48450979
307797
420783972
4618879
116929117
9411110
162066102
2419642
745939328
5464654
7979501
6093166
10372556
479619
274123373
975523
181293171
4848973
252864529
8633404
18419406
3660836
140259879
3088245
209302868
212468
270459648
1892114
83119309
295540
117124572
31526
108513762
95589
527911082
3143062
584683181
3108506
294027167
3832288
753982967
2410258
282175
7946197
153970284
4623322
95010817
2100652
75951023
263894
35662743
733403
297521288
8396590
49320166
939590
491353358
781740
459911141
4890802
822417139
806746
438769342
8312879
686247937
3134486
502547716
3207251
578620057
4284991
238297573
620660
216929198
4644151
13228908
4488662
723068953
3647449
225345073
2705359
328984870
3303110
605112748
3527943
563929741
6915662
370085017
6464539
102978772
7435718
870897805
2637625
305759911
1282742
584186209
451153
41162843
687103
272343708
138026
29963671
3745
683493271
3433709
123724989
2590517
24165186
2824467
4059655
2554519
509953685
2177849
207736798
5194316
19399538
3605449
287445488
521813
159671851
199987
79745046
346362
188840253
644777
470703399
1817979
12836493
693829
90670831
7238486
11515618
4949740
99942520
4135526
201322460
575849
370318408
1720138
801802551
2191335
230150735
3940116
327193409
4721467
10134334
146945
122671363
3084851
2957646
1101722
739692
666451
103066793
1450482
373655155
7538410
117767878
5750481
141895815
3395884
84689008
453942
167971977
1318226
396899091
214723
759986515
7163421
118151891
1426915
65548776
153716
415522414
2724267
351640308
2115039
5743163
988381
601181183
1893724
698268360
404659
440991048
623259
506123893
3225977
33681200
191973
831299107
2806774
105705235
258965
689745429
2017350
107200708
62413
109499261
2702610
349616393
3692518
295960992
3440045
55858285
739032
812968655
2079537
289768784
687948
40442082
2332454
363759521
2020785
173172221
4177675
156522086
1560567
163522155
3081864
338035785
79965
519067242
569047
210501791
1121468
672163706
2298241
52294224
1620676
28027184
1383187
195999207
6354541
62528488
6278696
47788396
775550
162002320
2742514
32369932
1799462
206677443
371636
187567
64615
799778874
3129821
385234345
564813
54198659
71280
5357357
6928565
574012238
4717989
21243517
220024
157383427
704330
651504288
2245414
79593705
2173282
267823933
3115455
944340801
6141651
98137972
4404503
323362914
4282020
133778086
3180174
373455533
2530807
640019433
2877854
225444419
6615757
178472609
112215
165749218
2390075
750475457
2470195
276493232
502283
177471724
1344375
5596112
2345024
423468110
1021120
444889628
453515
73175982
1227445
759562705
266971
224218139
2701686
296872803
4013000
300955279
1196608
16560885
1944236
396200872
545044
25901492
2886101
252814783
1438662
784064988
446550
77326220
3856036
924647112
5638282
304518769
1027361
368935356
189324
671506343
1932979
269811308
2038790
667643986
1200332
334442925
159441
96148149
676797
326123313
135628
752973010
2624407
362721607
8653474
322011455
1424065
97427756
1486781
22445711
1450668
114048160
865577
93324063
1303717
139882773
6725900
295579102
4018523
33158183
1005177
263253062
863084
327357366
475233
115370743
8828949
436958833
265801
26658298
8560194
251117249
278380
274621585
5387509
404982336
1785888
302253217
1181245
724362188
737157
18599200
516127
124518958
629500
153096649
40518
1642772
407678
46881256
1148928
168083997
327238
80623518
4562672
88792362
531046
60698431
73001
394852935
1934809
377219006
5231992
328686867
1796831
452177717
5746451
12600813
850412
62375904
4790030
282178395
1436440
358273123
1506756
322149500
4992284
235755027
523113
724829705
5691045
22877043
172289
120430363
3923164
11506138
488170
55074176
337214
264575832
1271287
78552539
1054149
211168328
5238978
29422625
190105
32849276
688560
54399768
557156
32400715
207364
639899497
13408
55184758
930412
233713740
947883
895670379
1427996
354845681
1066506
71572519
2213749
237933876
21092
501663908
372036
79827781
2048890
176077404
4697205
175737437
1206566
71567996
4165533
317330877
1474081
94249584
1099544
4835414
1858074
146536546
2491221
983555430
8239801
10426675
1730963
76506172
472391
92580961
8465625
317575489
871250
416243928
743314
664648958
4785274
445061649
938865
418208167
3646727
78600729
211630
54126970
7571755
63760214
1778332
591477918
935394
210254593
165747
346253234
1730853
93629074
5022439
124377784
1575686
889803051
7000385
116204357
4805834
385006146
443088
146009961
2297431
711745957
5015558
32427120
577356
851844669
29760
358556071
2267270
767294043
2032671
6871498
2914658
240209644
597769
365278268
5252048
204792388
312489
156430527
5623714
811540394
3350255
295512367
548405
31832342
3363985
484149618
3251011
557057635
1438888
376744398
721853
523653227
7983902
64021001
2092043
52219896
3149126
184739707
324854
254003636
601409
17701603
283720
998855452
8629449
569109209
875865
88883968
3299734
260733255
860624
136916664
1298000
12137127
7359390
176005853
5301823
323033905
402997
591923623
1023926
191994446
2779348
11402261
4064718
679420499
27545
67205209
2286561
631921172
436341
250287300
1418817
869666067
703992
507868430
2264626
717439200
22286
86012604
274684
155245978
6877478
26298756
9476833
174253001
6593
52025613
1943650
631462764
4851127
25778638
4585371
182365790
255720
275449054
2038035
98259162
698296
104096558
1322882
1232125
161371
70593578
1308302
42038770
1909417
183904343
2006488
490880158
2222519
174620968
1881205
162030610
1731732
692645258
2591071
161452511
319112
132360254
9448760
332480156
381047
241508015
4365399
545964237
7299844
268879195
2069886
480567733
2941554
613344765
3074005
7935225
3569838
151275440
542145
272887778
1218482
413204370
5209211
75600955
13145
30615682
2598501
41260071
2595353
236348820
271938
248930063
5038167
13179786
597468
156466351
671196
4810063
418947
20037120
1546367
549491863
30549
220895472
4195612
455091423
643277
298100596
5631859
47470826
4889362
76617687
513559
464316029
2464077
229698390
212905
698807343
3593265
386715594
633188
322553619
7160204
83080952
443885
15536333
305907
79882914
1466239
116011
1568081
299579874
1322673
99494067
1977964
108079926
1617474
57048270
3778285
315492551
6602406
219971621
5008427
756663505
180098
593621023
1435146
253704472
4998074
684252112
108548
13011449
83454
14830747
985335
17403730
585798
34155593
5574527
46667467
5350301
82658542
251765
552042804
193862
21802166
830897
44829993
177423
53407999
3393931
207544401
4053324
513271814
9185605
365611191
3476028
109442965
110885
202355161
170794
371318063
311044
462471590
3833782
730879055
120503
35499169
6415389
396885099
120069
17257381
1539568
412767262
4006262
316044384
4071818
11912214
1396088
210080643
983328
9171759
1294537
89974666
1255684
78064407
3112202
27574353
2761404
585265220
4494577
407549668
350756
778969765
5388071
164589873
6916697
179571515
3328476
119480452
84325
42328882
1997247
21491663
1324550
17734144
2785344
321594686
2338876
564881689
1005235
73606340
5454203
415077498
6738373
56508551
902104
77377770
2593476
12008440
229351
588220195
2432135
807202859
5399706
403132095
4107586
80058717
1090733
27554056
1459309
148606039
601207
404165122
188031
151234840
704464
1782565
1976608
228957863
3466114
32633301
1983557
358241323
317848
630010142
429804
498535933
127058
391189
2574415
336592826
3000742
389450417
314357
459600640
602143
244889207
5312895
732016508
1902120
254715942
1447765
122504409
1373987
149932711
3750744
371721997
1782506
4588041
2720805
275881279
110298
4262210
124836
435263686
5510252
547392867
1811020
26460656
3637502
35892002
892731
66013857
602520
683959497
1731264
6171138
5115154
142931598
315580
343377307
5023735
329041253
228210
565127224
809791
388444128
8180476
463517597
983140
140716286
4154836
210914245
1222312
714921513
916029
422762420
3292666
420659026
2426846
393926558
5483121
232632560
543876
248926041
1668699
99256084
2838210
6895877
2516663
131931700
5487303
197040220
553780
140949223
881706
49741899
1898920
164259020
3685797
30559393
300177
262060124
2504513
125563182
3161477
15926034
3861143
221827863
1504767
709766585
5028493
15731858
1383752
4202808
1593890
578809321
3256783
74035713
5000312
122090177
8139712
283128778
2619402
568877043
31356
289811335
3350683
34862007
5087608
25259895
934155
161581876
8627785
884112611
2819233
797633520
6932831
52313320
6738493
15598551
70683
287791906
275478
628533936
284682
43084587
1639765
881903375
3212500
253767333
288124
98306345
4115951
572840465
2033342
174636392
1891657
365761378
1692136
356248343
7665431
119478395
2549434
42398219
69627
26241790
5026267
13770766
5404803
30698466
2378991
19375005
1227439
234098385
766169
886046648
3731756
580469640
3224751
132524146
229447
292985314
1379508
417103160
2598882
455678564
6427443
172955916
5791296
550043407
113129
254768631
758760
900852610
60095
497775578
238038
96121451
6400318
459289788
1400488
833973192
2119402
715670902
53331
1214749
4199971
131993412
2247154
191886084
580285
204098894
172959
537161550
2509168
543119158
4552893
21117889
8497082
4498409
1850166
326871756
5983906
161140615
3152771
10017317
1174369
634590913
2855599
457724919
8222594
515029478
2730228
543394100
7146234
347199001
6775490
189033112
4532985
204331059
1910555
105526089
7885
332853634
434046
128946399
6561967
378697921
473654
69368471
461570
93219655
1980650
271891726
2421809
357641856
1285689
130971276
1780998
428360583
25105
762579149
4728052
537721216
57650
388268261
4404132
311312895
4297525
147063263
1656019
156499696
8268107
612123520
966885
12901284
3237617
26775900
269483
565010771
3668971
306945421
5080288
63002207
7856464
240510485
2302360
213574306
2985900
337181597
5845232
303201821
364667
74443908
141412
144165789
932547
9649779
2303205
617173706
6831198
666349524
929120
8899023
2556273
47454261
5981380
303572081
7366530
253415605
291223
75705137
3128514
218256197
163175
251796792
711456
148836171
3461329
303096568
1605581
762995645
3789511
49803457
1287936
497263454
2169563
417176995
4161114
235030175
3855691
158715355
1456601
180884241
5576308
461165205
638945
487859121
7294185
268623724
3721114
80417152
1951049
11181760
5375770
803395914
1286936
112001782
2890055
327754799
3523893
516313296
4890
153073554
3798470
421637584
3142488
157858954
2637
47863044
5278403
223280614
4404384
138427544
3508030
50246596
256179
237075439
9625111
48362533
4057220
328307769
2630407
22621742
8525894
607054645
2415355
33870770
4830440
139568011
2524974
470976695
2212130
180289058
4162605
76039658
448592
92900790
3422688
362685503
103333
43485651
2690526
2396235
1333421
242693329
7040534
815481874
1427022
10966558
848036
39027843
276088
541974435
5943113
520829846
131880
737011266
8956450
139235866
5158505
14840566
5112797
791539824
3490458
148864494
7750485
86109037
2522353
34476296
543618
259411347
1906461
351116367
2423328
552851329
335197
614258137
5001203
736261254
4420788
161275743
5075446
695399391
5218469
37594014
156863
51977918
1193644
122871446
5236473
134912688
2288757
147255513
1527308
5032920
2072809
67121203
3926696
53471120
2527738
11738325
1679875
520286552
603044
198230588
1556562
116381322
2193838
85010445
5303039
702105861
567287
365500453
5318118
417168479
401362
12399887
5236477
283055824
1218253
189034764
5759719
505566861
3858961
500523838
5194505
128816369
225218
84456787
19078
109574168
2712284
141888927
214750
225929422
2722436
223455592
2336661
48653764
614163
508127744
1109641
111307785
6492988
297563320
2901040
249570513
2107938
99571249
670378
495069145
14411
70356609
7690042
174186659
2453560
629715591
1744773
675301356
1367047
258009548
91276
618362585
11668
601185916
5408645
60290514
577045
742817088
7495628
4414480
1294386
762833474
2507806
50507608
1895527
165067838
2746483
338016461
778543
861571398
1081450
196470045
2629852
43126622
828645
15871853
745518
16667334
5756682
195037689
1309502
32962894
4304847
117794282
3159504
30120564
6464942
996126806
4243916
9894402
2047492
38460430
4419371
204278101
4747022
109154489
1911095
56687925
3041829
509932806
5698009
407098447
102338
6516048
972925
858587289
6560995
32492245
4660919
38455436
5264645
611600946
8105969
5780328
1641353
296375436
1345645
762077447
2232091
340411639
44591
88432779
3509229
281501448
7482337
530997364
4490445
252622887
4658504
530320632
999548
29214850
6224822
53772321
9408524
291371374
2055469
59530372
15326
567342083
431295
182049523
16378
114768889
374586
15067196
1714579
135506385
7686652
103238984
8971207
318567384
1316320
713258958
1707446
610649611
1941521
96603739
6544562
207908398
498732
56584175
1482936
335475003
1291745
200150966
8642410
13962203
598529
543160939
6902018
99092676
31329
91567421
118737
298979476
770942
142733524
5543635
82339305
5252404
744150677
92717
541801026
4333514
470329567
6478446
63484349
3955855
178502053
2148250
557463403
4916060
383184179
6036024
72697069
96721
242219597
8311374
73625753
1139022
59536959
4547962
629328467
30769
175150506
1534463
286398908
5637473
546730736
7831460
663852943
6258419
43431001
6190522
22991958
4761563
298097749
4409559
701994960
4735983
109019965
1420472
173128196
1989099
81536874
1397148
155498870
9836
552849405
3448380
522883139
2513912
248028766
119654
19649859
3720426
621673745
3557167
19093395
323080
159986824
6993798
472875709
6815264
278156051
5083810
32027986
4148218
3071600
9956
24081446
2502079
89879
179655
3560394
4846419
439658341
9884149
97831261
347930
66531755
737087
655286318
31983
355643157
2307154
168355211
2939953
296256473
6487623
169317912
2762189
597434916
2534542
348146503
1685733
575611775
1408398
110146001
3082318
64266161
510624
235243927
1446558
27172432
2866069
70224527
7455206
24342257
315888
257304474
1332453
205390754
3140011
398357515
2649673
39313131
334026
121271247
1900607
23125606
957385
330551520
4271704
371371207
8573600
737697074
1302199
121723880
115402
201048630
6006528
100683846
6231071
662436927
3702188
403659
319098
259498743
389863
338596418
1497476
114481261
3178579
672895884
39083
338490918
963268
14815831
1803165
106607630
4556
167266266
3968208
532030400
4979355
96330467
7613016
50728530
6356331
620721992
1640651
32821038
46392
172458359
1107748
33344668
2956550
198103225
1208762
185621833
595730
10750582
7587677
4313122
854248
6056581
3756456
722318666
4777446
214625368
1714093
19868198
2711320
110661298
6506645
225145075
2420759
547894356
5519005
103330518
1157431
27188755
707852
352274752
394581
319993198
1552241
5213836
4415272
225772923
1550102
136286025
4370886
206395548
3016675
70993552
108740
864231710
1606319
127856790
474467
142844261
346888
14991099
6535064
111989041
404313
96159988
5819436
547961872
135839
394342483
388239
74024602
32079
243906702
5309250
211386044
1321209
87221101
275719
187648807
5155787
7247204
6648235
173265627
340755
443513102
3219019
224849604
2372139
41060371
164420
172279854
436344
242669300
878024
282125793
2810654
533901548
4282457
728591475
2894901
4832946
1380218
565900066
127537
157040634
384719
192007060
4576790
27469918
736225
285987230
350757
17237724
14500
156405295
3870309
23391184
5133821
574898425
2628932
871556106
3146499
749900864
1998288
465372624
7100872
58533119
915955
52176638
501142
466621203
2601910
261488113
965195
109090
7144373
171784398
165059
116167227
1227672
33959112
2657644
165549321
2196909
206237005
723225
243474818
2125569
651464198
4623323
429499310
7982376
293776398
939452
253177421
472416
43950139
644534
379988821
5471675
170605320
1557266
182139272
1015215
159427508
862759
56741631
169430
478018578
2134159
20973447
1149519
465822529
74980
490705631
1819106
3247114
3783915
523839553
1895551
18606688
313940
301632208
1876810
403137894
1462556
520831855
7097217
218583230
666008
513006900
722772
347725493
1492454
220330600
155717
374007377
669985
14127867
801907
80677120
568933
60184546
9213507
317966175
1279674
21297859
1294114
8320870
946058
65722418
7748064
302370827
4747072
490134563
2978565
71816352
871346
70551368
3425290
164636640
5126253
94871584
5621050
211107460
617975
215291962
1681890
68474865
1591627
40035759
6609
356557589
766980
223267090
2002187
192379353
2356507
29220291
380045
605725745
3435509
108386306
2229559
23635887
403843
282751396
8937851
37508619
133525
432673692
5862896
35523436
347935
1860787
7109057
640152296
1718516
733845322
168722
891129472
1300711
725359086
4820633
232660833
4729089
6569085
198382
38359845
206318
88491813
5038387
544040941
2057742
204630174
1893078
678509670
2211040
390621914
683480
47649376
968579
184089266
3366104
40986984
2728066
290307528
4461253
15661638
375123
19068625
2956532
896482729
1989480
80153885
1511332
193720449
2230739
91358285
180219
122122103
453363
416826153
959864
14502411
4365309
205895147
2962767
624789293
813748
108255257
1263840
395675296
1380765
681762111
6884402
599645343
80373
56306230
51096
254833204
1100890
157289405
632537
171956142
3163903
724159977
113612
4706827
4752155
148756313
1668878
623931450
1718360
75284390
1640468
252161155
4307036
198764709
856939
486174532
1649176
907592689
112776
391824422
8419614
911834352
2176731
259067539
2242832
525424333
434486
134910832
1849792
147773851
4802557
308599773
310022
417544077
6163535
65822514
1770273
219239223
200015
160703928
3219787
366208829
744605
359504546
2007037
789249421
1760322
235308231
5516627
19398804
1078013
420464849
3350775
9542492
1997849
9054694
1221319
426090263
3255979
313302608
2141298
823117105
1637807
180953476
4201025
2309634
3327555
86658106
7615741
339440978
5849434
120601347
2329635
61144669
5071223
193137202
4797781
114167370
4028009
131528613
5097286
323688468
1478910
935182656
7594984
223964336
7798094
4789329
3135114
312954481
48224
208477391
4478531
555330707
1662528
535102493
2940033
135067425
454901
157527690
5274569
554192152
3102885
211284462
4526832
808246706
908097
7216432
300314
841993546
107717
83242303
853998
20318713
3836607
484020732
1666064
119418361
28006
23408440
1695759
79853978
6800040
627026990
506114
350945393
3921250
428236790
3846961
332303964
3283837
71587500
3191683
700570920
2347084
177551787
609879
515035376
5289473
243495144
3042417
7918617
5931882
90364847
1077978
246109855
5688355
114678999
3263287
956953726
452223
3223121
1026565
97050936
678110
629921912
1970701
256876692
1690048
445437902
319877
100477930
3179756
56766765
7177
30571092
2164815
172579567
6753604
757368088
518433
406325332
128684
1256467
220308
514030749
524572
641601328
2368303
199870880
936
166064608
7367896
9074452
700476
413665058
869509
52774117
3302155
109140992
1892294
244215944
4797861
46066136
5553348
64721999
727167
291431386
2896081
156973104
857646
161617065
3332023
131095461
281202
254464238
5713383
32297929
2620701
59406471
1545771
130294179
1018070
450013819
9376775
34352763
201139
290700571
2157860
410449813
175865
174294709
687433
143494837
191839
59049074
1764634
19258032
95063
729084469
4826608
6226627
4765681
398472308
941912
152325497
7376658
222255603
645748
482186762
3376798
569941104
7130995
945846848
2655275
227174352
1449189
329825249
3817780
543786759
6848187
240537092
622187
380725667
6755695
378788009
6845280
972493494
1882850
3127644
9873539
23523850
1588717
151608052
7532911
61713165
2708424
434665960
406298
112534234
12995
52107858
2234431
24572725
88687
85351909
126662
55290348
153590
481838921
752845
18131247
60089
363273648
4213906
36853259
7847735
296147578
2493267
12307492
3862715
154220366
4243882
392303839
2122047
152995641
1165326
494538168
4930477
119566411
3512905
638736510
90321
545350242
3173368
48982441
2042469
634825744
3989726
103698050
471670
25561340
2988195
97249032
3839458
44720678
8515767
62883128
5194861
542652978
329854
100740296
147407
156665
3415284
64610229
555522
385576695
3937751
114736184
3784620
372372532
7220967
180168663
6547898
405571955
5705267
158229290
307003
59230451
631684
3031640
434421
274267053
5002936
28909720
4403810
464524079
5546135
191734323
2581999
537426011
454261
98100573
4109515
291813249
4938351
212562822
2304989
72828401
3358707
478409506
371536
164389125
1475730
720360727
2127829
72141799
7072928
485206087
86566
352623525
581289
550674562
341926
2915000
60638
229781149
1807241
414632754
3695366
119917
3005597
704170191
5739232
707375192
1425829
5207205
898659
151616974
3607639
428441772
5629520
179151085
2114581
65377933
2789882
327327788
1953863
434251432
242666
296078208
3510967
333606101
1857755
52982927
8056214
41392667
3651780
364284400
593890
41532
273330
15449777
2745542
7598576
2255766
779829331
9657087
117434507
1507841
73088972
1752321
332309724
1732665
2725325
1157668
617549202
752128
143235782
2591494
205729250
2593467
5121415
8501440
115321220
8392832
265883903
1293023
172357648
2137124
154601806
393296
889632
1802962
20564590
3003614
5625484
138034
926892109
5981099
271401373
203789
396214431
898217
183618596
197319
124250933
6267050
49859771
718651
374686865
122015
284369760
3554335
574585961
2291183
365075614
117331
55896625
3742358
201316927
6347065
15200689
1678588
793738505
473529
39337749
4882183
36462434
1492237
334779148
2634133
29069911
155456
295314150
797697
3451632
3914218
88433457
3601789
930932971
767223
161524148
1113674
86879126
363533
549181531
7941409
58771749
7477439
29125953
741752
821908294
3512792
14716244
1380996
10728121
1741086
227662910
3064617
533039891
851806
168632026
496907
316295438
3907766
31283304
2284459
13293487
2119556
637946549
4925590
394357227
3861410
326984424
235915
258576258
3846829
442372428
5743041
124016300
4186828
233029402
4919947
503045894
7341815
207063987
2983133
92860700
3582674
71278482
109182
912332288
296242
775193376
56905
65100389
1027621
142673629
115578
317675052
1289811
119036734
7284688
675305252
3491411
24467550
3807069
391989003
213044
825373556
1776814
230300833
1208127
288417285
361808
14255403
822057
291802666
78683
112161279
158045
321798850
2652884
66685186
2359515
1290199
8244230
317818015
4933591
17754511
2827582
291110142
1994580
457790844
7197916
249570800
537441
473079066
3860058
24857229
2387159
47451095
874659
27016453
62578
72587984
2126695
877575218
463585
107120281
6861709
911194701
4268590
647029304
2789868
1936928
2633987
153469967
333653
177134143
2797488
170165451
5759760
934406464
3018127
85500838
1843757
666612720
561746
308480604
1528562
76278944
479044
6874852
2168395
45759220
2399213
46654777
2024069
132130238
2268387
11029740
2261164
765883822
5447157
303690861
9177490
75675781
4554790
39923538
4270825
181339128
1782156
717454828
8743244
169663092
269682
108951549
1176574
101711729
9096150
2246799
456300
763619334
4478560
218719809
5587814
810746846
523320
605618081
4794884
171285249
692127
102159646
3542157
270654257
7346482
945927343
8004828
124860578
811254
170883963
5267001
287310561
731303
179446058
1471778
58680457
942371
113834379
149439
71897311
2513944
135193412
59241
49544538
5057239
214587188
6337585
52568745
1743558
460857345
1580798
101301522
952661
51763536
4789562
198789604
84336
533307187
1062650
268478402
2314532
569995346
829067
28507643
6710945
665530277
2379291
64153419
6043342
25265817
7688190
409438335
1068270
54457114
5716910
23102354
2797443
40668997
307302
8491755
6144351
231539570
4559662
238523147
258840
808498716
2244283
91832291
2017476
582659409
4094385
177860039
216660
50264073
6397064
210972747
1778590
80358931
2446743
546068674
4024943
244229288
638080
361407493
6668543
48301209
1622299
657677704
9179434
349788271
171765
298616456
8594984
214644513
2470322
17710507
1954869
404403576
2516871
142338941
2813369
119060716
4359552
92707942
3352597
265569253
21259
117433492
6064805
701803680
963327
750515647
450037
12875003
2057480
256388896
2422039
68862128
6523314
313714262
2407081
642278275
589961
6386894
3092882
648327058
5219880
10748368
247759
7517043
3044037
696412932
2365444
15012078
3842080
779887258
529204
99448975
8510243
192676821
2602394
69065311
1490237
683252572
4940157
128693244
800983
798951509
2676929
201089940
1799094
53912391
2609529
122326429
112783
67949640
467364
27995577
1247062
283987140
326790
184001455
386139
227398088
1202351
630891163
104438
743377490
150642
635360955
3871464
70256809
8615181
76662664
280506
148349262
440047
42459720
943310
102818708
243951
158246609
7025226
97153251
658367
102835321
2049289
67815303
1316536
8334411
215005
368735268
6768322
98256310
64632
179169905
2656268
88626463
341286
106173286
167718
569012152
1822620
942864467
3028504
850383394
1798696
50900022
4743432
135632991
5744220
79347328
1527275
148412125
201135
61124425
115145
71383873
3048600
156652952
2599167
299441786
959195
327367685
5231830
314342658
1095618
45348872
1320722
1457250
4010893
335399599
2309358
3794696
89336
261029099
4469613
555521014
3145509
267970179
187819
330171011
9224257
337424925
881457
340781819
4793571
493749281
2112012
127645462
1521871
238447000
1675833
413251627
5637728
414438735
1832623
163818428
2126282
138772117
1058630
279415827
1778988
156953967
1322738
504245961
2445609
191652192
157363
209307145
6141118
832903209
1113518
454465410
2947938
657701135
1272381
261312189
3338585
589825611
2125912
46922950
696512
249333223
1823873
103977898
59751
300906203
2370028
166218658
1163380
413780482
1378532
49256885
589044
482162193
760804
208816091
208340
996052810
1913248
2262646
382595
95133152
52516
308030596
691052
17727634
1329896
475320781
665905
777306937
5517642
266945410
4181352
595926769
229752
105451900
1002942
540392301
2026985
186347327
2493810
39646811
5623837
11512474
182169
584182663
364745
446534949
1501020
481979343
2106105
407666229
1648836
226014227
35908
585941648
3030222
57345633
913901
593275834
928783
625005425
424549
872766214
982366
440362214
479986
306095372
19745
321965492
1733942
142760631
3338272
23401640
5508925
49306220
131350
746102881
2366922
565317429
347718
362301045
3622634
490158828
1689481
5562614
522105
522997254
3805125
307358840
116225
63532705
1549489
4465203
6026975
39649234
758545
197683210
2059306
99660707
4218207
87701660
5058253
401732921
3503690
314516632
2399966
645438064
2337232
173109609
1906659
135404268
3299882
17348650
1197817
126360883
1608094
243955066
2824843
462553674
4512645
565874443
2987783
109683828
1880615
626124509
1667663
471671933
433338
368336011
760164
523943891
1430320
228065593
923307
358203633
6359942
617456551
5735092
41079577
3959321
199753644
4554375
680908146
34451
72981558
437913
358114613
2020678
107813324
3469360
638858270
468937
533565932
9421299
411744603
9603041
317362187
1363329
52047678
664714
20818212
471618
93911726
2688119
74053195
2405834
9337920
1564355
80017347
3161549
423756108
704662
322832363
3708566
316479750
4015504
86831225
241970
134719636
249855
50685045
168556
96416085
6343958
246315703
872379
53781418
1722852
102966177
942228
328950583
5557
284755724
96831
27193168
2908072
59354397
895019
36181517
297632
448739641
3617995
404597921
1131556
191522022
1225945
73827416
5858673
96780178
3631527
645692701
198664
194809579
623432
4254102
920885
770236321
7568104
649075550
6554815
3707121
362215
113303531
3521299
5595879
6228229
17574406
287307
430427672
913300
508731442
88431
172573577
7808315
69553860
9422077
42173527
130462
563595469
1578870
139608308
107229
987859
1586939
72953229
312115
20817634
6373965
142078382
134111
38897938
2012175
116584559
2837248
476425982
635359
317905194
1537839
812419073
3156380
425473082
5952954
16698352
997834
105607454
418345
727815997
1384121
15871260
4421797
185319263
57114
896801799
2791935
412951527
9288045
27873252
704841
108309640
4260135
29451801
24736
897819505
6168179
493517577
1789365
315907402
393450
160010781
2264485
163845106
169724
81172110
7139202
163083873
1119125
424956553
26740
13652876
1215157
148448536
1768801
18236491
8498840
857484611
5575630
373221807
576186
336649040
3367291
106184182
82764
140160924
3003848
500002145
3909489
28319797
5350256
777155009
925879
47586424
6514461
299420956
778569
151165775
5112900
292232690
364021
476551040
3970679
271929061
1441692
229526011
2028616
23516939
1219976
218951230
4734406
340994826
5950111
752164453
2826523
137479136
205691
944441064
3522300
358282899
880197
451525569
2176874
337343625
874667
647498469
1278527
3377214
623049
423237807
10029
253413032
382274
157512424
270104
449766829
404738
22012151
942905
396707651
1121631
36778260
2064376
8662127
1905928
116698473
1246336
247627785
68288
304663789
7980679
154474990
1142432
741323124
3448591
546664870
375102
57068811
657368
283166566
2789349
346698502
666467
461901954
3434909
13601593
1193151
326803573
366807
153711045
1518067
642931489
1502479
381942758
1458731
345349771
2457756
463441507
2978366
317255408
486508
485068760
709158
281801603
4399278
61404130
8802238
58568924
837281
20248372
4251785
311588426
1649384
308923657
3438433
216305793
1044288
370586187
725894
20512884
1365834
27704122
57332
507652007
6767183
39378955
3525520
248463882
2727815
205841685
2331957
34296309
4138119
309344286
9412633
125795430
814989
683071632
5771570
253379524
535194
122108626
9070052
480462529
4923712
6275379
2612365
35815624
1432694
385837274
4743391
37778309
301275
236131328
2482449
515185765
1522349
503155596
7493696
371447852
7039302
427492762
1442756
254058544
7080670
15843419
4347097
4948918
6234610
523934562
309146
14529393
613152
243155915
541425
308647568
5754092
544600959
1661740
81966451
2021615
216374541
2323873
305901043
1796774
241166446
2540855
472708947
3951780
194188876
9287
234206951
2322497
44244321
2014766
121374208
318546
111246806
1918909
41057957
2407899
554945553
1207394
293070064
472161
47200973
8962651
517084186
1660354
544571362
2937338
37252434
6148662
43955438
4361377
394203892
94032
792620490
607897
391094927
1261957
13938938
8814994
242306277
1375953
185248773
6330914
596533268
3810340
32588182
2901394
392584569
2042063
679164819
5090220
57117498
4200939
485286968
933626
370180067
5852512
690076874
2129897
69488800
9077458
163938918
995829
92722687
639779
456840285
3133688
306768795
1920541
410903871
8489700
336219392
4761777
3981117
4957026
11840709
3224061
112692072
3060334
554366467
2119253
377912166
3852991
169052101
915787
312550660
1303756
12645159
4078868
210067838
2268590
203801486
2862152
347868871
693525
276880629
1112209
631039818
5259732
406882049
471147
11591123
3816715
220164177
4320074
381919990
8528512
814845552
7276039
354872976
3292554
308933489
2886021
873180397
344059
74083322
1439421
220632974
693141
80834719
796803
84255029
2440935
323143972
4982990
39085796
5696469
150941256
1126022
424530251
3337665
252767
211444
293146147
2431729
680412503
167257
792963856
463451
113043200
4665861
170656039
2595639
38915161
505624
280926391
4229149
19044178
2773906
82589434
1544037
47237633
256509
303816939
1690741
9777793
1709698
87181718
704072
201127112
669071
349481614
1687425
690816457
303885
172294442
2460481
476101138
3671796
223084545
1087638
3469597
1314671
173358167
2546377
622231118
3272895
622503525
1088696
40244898
5621491
528088494
5425958
33894226
2375038
564146808
2623167
118433007
6660772
389539314
1202396
165789854
6943363
276900040
845026
505392835
1821279
737108710
1906001
179780689
36905
19582618
607749
522331422
1770282
202275889
1901655
128627059
1090032
95844451
3320331
307235501
2937242
251645284
2735504
204882655
3458590
189671773
454159
50982521
788862
94141293
3088063
142136826
1495540
702679077
8306803
644156133
916308
2236863
1574267
628890
4389121
221168738
2428118
486138664
1324917
352242460
7536046
781673802
381469
16571632
2249157
195501588
5835891
68592608
644561
94666095
176830
153816311
2781705
242863856
796039
154876417
1872385
358673075
22376
205195247
488153
519543618
5393254
594449624
6959224
374425092
4017219
736510714
1626168
491154292
7190350
270450066
2265481
375761143
2924441
391817349
160692
455969406
1153847
126539339
4762083
138677311
692645
34137629
3294365
12661137
6509023
26851057
580882
508962272
1088119
464759180
320032
452712548
1480392
192080900
6024989
122107974
6128490
171235853
1027991
158509688
1004230
395722574
1969460
213485952
159764
31619567
435411
928118659
3355529
61013155
411731
780678768
6645934
122617335
480846
40135120
3984604
248262600
1665312
352041007
2169020
268779183
6664848
197337321
5274350
263409468
3236737
348568520
2614092
383742552
1873117
146671165
3478320
178073242
3027065
98993756
1817430
706579571
2368908
343020570
24578
193476158
10639
35320088
421829
12906489
1470496
289602883
5544029
375048502
2411127
338733342
2946549
158625577
6854846
1549753
5068897
441891921
99037
267508876
945435
108809508
16386
648490878
3111532
62367237
2055619
53652968
2094718
150021276
3281029
2518879
101810
859716
514033
26765150
1779410
142658366
5858781
175072766
1159129
111037789
5832717
87125301
5124496
178064146
484337
780468443
1532148
769225621
2676665
381389382
3453528
370519232
4784780
387435393
4326193
40794673
3434692
87468612
7969207
69418982
430243
229691704
780702
71989701
6777952
612839062
501816
77007529
6679271
2458249
8878098
172135863
439000
27645960
942547
59148628
372492
212261774
3325471
177843032
93398
31720085
387495
165640797
2522033
316383975
765931
316320342
275523
76303362
613160
118864948
2182305
163799511
701529
352416189
4394294
465594617
2060525
575113370
2305736
503117766
34129
119528062
254776
193778516
5932237
31433110
420264
44526683
45323
184695667
1557162
856230
2224171
283610675
1745610
13962566
1816356
21446671
1789941
325937108
8180
303760913
2410
10125712
4183877
191271982
3857924
318760345
1284082
565810515
1988146
3855179
3244084
126362437
1296265
834926446
3884056
136150030
488212
473179489
861789
10686129
790988
162322182
221881
437882097
796262
242858294
4213985
88022079
1873192
922777515
6460346
28704915
723382
44675184
2260947
613625207
1357797
3122054
367525
214030011
1166986
56095290
212509
24315173
2950930
229600064
404806
9705769
1688240
156109966
815774
247700689
4259612
667733484
2851733
527234499
52121
90808937
7515958
110551862
4556971
358988821
187149
177200704
1152713
343984244
291384
872490832
6617412
123205360
3061709
138076349
8558082
229112455
1487627
54046532
2930388
554895082
8621544
625398186
1924035
486206216
2666898
93819647
219202
480653407
734884
228067746
4194666
222558436
1803174
4368848
1915684
113349507
409573
111147065
1876411
318032511
4386981
864954915
793373
578874715
1478253
4312303
3297013
41340433
5212763
576684136
4405705
629983822
3367795
477340767
517266
539268606
635061
569934492
7683745
166024129
7109466
117076968
1542464
135823812
412856
125785778
3118054
11071295
3924266
27195380
2349545
424328606
8206968
230729493
1791613
479115291
2440388
298398488
1490813
31589268
947336
91995219
5847065
566225709
1283607
141834203
1407884
403716440
8799128
434911194
587946
32481114
1166238
82854542
423397
44724914
4908524
133398038
1908278
148130267
1655970
105006688
75636
315246003
3231586
84560205
9446468
113805086
479820
113218024
2803045
912650800
4612677
26980097
1275457
95190394
7285349
204411062
479299
6334471
267117
78433524
5939318
70517140
379257
158756142
1913414
34914239
1664156
870197214
410753
76707383
6800803
62699002
1780079
418826304
4053805
200405153
4427739
253266388
240643
780026351
3896969
12162932
3684186
392417991
367545
18116623
2607409
601073202
5812427
267279322
21792
189343872
1832675
339469711
284116
41160974
4962115
276297325
30624
69149343
2796564
223161162
2253123
602140590
605619
14281581
642202
65699814
813480
13224956
2125296
51747735
4579367
3794426
337145
179098520
1045777
149407770
7208271
378400073
1168301
141067652
1954767
6489184
4380743
297057828
6157115
605820409
1080024
245968315
3641477
243551549
1449421
3835008
57654
306503340
3941266
776640605
358283
73708562
3609665
189376979
4201875
151077742
4031762
556781032
1394981
46431979
3867763
659478835
6201321
523055588
3483869
9181389
3734445
50764178
943626
18255530
2894088
54429915
3142190
564425458
6696620
219706595
9043103
533313497
97259
290390792
35056
186984659
5434083
484984460
1294127
255039014
3922135
156940323
607670
245391976
5257035
599321
5532744
730204436
471028
751591459
2409124
82386330
4682046
52856663
5964901
424220158
6658483
210636427
1340683
280745823
172352
615253203
1915571
198117031
376719
479372409
4305262
200022988
1646
262409513
461069
344941371
2176858
570489355
133636
182031706
2717423
387143102
1738663
96203575
337294
673168608
1743594
120826319
1814817
159711773
8547200
207714285
2706151
252736078
8819910
299418216
2009139
44994816
5072769
140548650
3529942
326413055
8624915
19161254
4588394
466613712
719677
133459227
4499937
133209726
108295
490077757
5415059
21206494
2126788
261803108
236827
22721538
3370274
943878988
808340
777730605
525708
227344878
6064117
249478641
5721322
342073695
4709395
260389873
893097
137174755
1302098
549403665
272468
94570707
1148104
229001186
4528737
19824373
4055921
351069789
596590
294911689
4329280
286123784
4967185
308295207
58932
831623113
4131228
207454430
5285596
70460748
184691
52902340
1516368
33386675
6037226
55242132
4829694
273785847
6130942
181573288
8202721
134453866
156583
4238046
2444863
66934667
4946612
513732216
2143564
798099108
3495488
177203802
462690
