10000
72966753
9052249
142323479
5960096
724271804
349788
5062909
5082275
193398924
688526
106526749
5808080
340351659
116879
34625375
2080942
219633760
1470698
62702369
371728
2140702
278631
344407113
2383657
1603389
5277939
10700193
6993677
4657040
2631513
58464515
3307710
252324871
4556523
76035868
4205793
18953552
4357485
37755726
2547950
122109503
192240
76572456
5228310
717145505
1712203
331446688
4866327
986466546
2278508
656881763
5949715
183364736
226493
1437968
1844458
81426911
2474733
7653004
1227998
450364812
56217
184108767
355864
160961633
899184
16974717
1307853
345639776
5521449
415703813
744745
253693323
1178398
77759959
4629989
380462480
3218296
315313904
1734749
232236323
469412
380837345
4430960
518579518
5843326
20904486
1293250
65623589
175563
319165972
6847271
616617224
1470515
692050273
6894174
279417261
4835185
62175047
4238649
160501614
1812398
696186959
3027811
314471752
7112251
390116836
3734285
7992960
5813220
926004156
2850
95349839
25539
595405190
588676
431431
3657614
86752052
7756145
283781965
220261
248455266
2429006
233852987
2321170
164402488
4770882
224619861
2496304
20970296
7448047
19200817
7026994
190156604
1261612
403597897
321893
204560482
2322252
562013126
6422860
580988781
3184737
58184504
142739
237209011
9614283
224035914
3468607
26051331
3650390
309811770
2990309
863836506
3755113
93122231
715266
215095492
150844
8805347
5263859
311034303
2610313
33000049
1909802
273805584
621411
244469032
7412282
179477182
270636
215218534
3153757
78923787
44168
263755855
59200
705453976
64416
42148284
1569794
131036947
9089710
223555486
5199248
98947105
109672
164811197
3589165
73560608
4167936
728295686
809986
945010768
3027446
57736184
1035135
170618008
9209924
2023709
1101541
33042244
1215052
136222497
62066
122011820
3596401
302144237
3574653
73771109
5318881
378722963
192238
61795669
89646
100071058
5408436
222027181
2091907
83529767
7329690
286084841
5387318
316701280
958941
236516289
5330165
163647347
2323307
425807152
3875452
790069522
7634710
95186781
576549
281148166
3367653
399555012
694110
146841727
4155522
634838177
2891009
96472070
1384337
176232664
6826997
291117732
4023656
159875309
2195820
134108885
2153363
155457443
2260498
109974840
940920
885384271
492775
568899041
4253901
124730883
3057315
110665188
448937
479106928
81827
278833391
3714852
223017874
29434
552465863
5236133
910673445
3139045
354630535
652349
144942635
1666606
376561794
4509669
82907868
212092
2546230
5787349
201553707
4462645
197645215
2104158
471802070
3294310
246772876
383648
341337322
235267
103918942
1543874
37382810
316186
145325314
31216
587272353
4369700
23657240
962831
160078469
415838
34126392
650955
45983409
4199603
78801138
1782462
42326344
1119685
397562379
322219
235312112
66318
227485032
80413
970341523
8989769
239140488
9784552
190500161
1569668
378600440
2473127
273789619
1027733
61523525
6854854
634972278
2380588
7570905
9192732
4698008
4851808
781692836
6912275
27141323
6390270
472936574
1214837
114118186
68761
24394833
1529713
130424924
4242760
30431053
3058381
285025986
3033359
765223099
1346382
70130640
1386368
26496522
1790475
36551854
8336378
95593353
6112839
324554808
620210
333493584
2322389
33356465
2683205
696440406
3916142
717288036
210475
173381557
5709516
193160692
4510
365060393
1758693
80551151
6504096
63808292
454481
15461161
562392
138926334
4266779
729772911
2485339
398275119
711050
503992788
345741
654347362
4380494
507798
7817081
376083113
7369207
289509705
128305
114225238
134524
676675657
5228160
69684836
480618
168863735
3337629
38851987
171481
521327929
4319805
90356196
44456
742846587
5793321
150413123
614058
48162893
1530248
199084051
641679
26018213
6870749
395232519
1129054
396354744
3517371
585210585
1642288
34218357
298300
52714877
4408557
599524549
328504
613122012
2086491
58671304
247579
520922676
441893
33593397
8518512
112845752
6872746
59808450
2234419
156020906
2357584
102107920
1904071
3545132
1218058
278624407
17052
76075405
105907
297966540
2400417
124550650
1986405
551002297
3308935
461337966
3644330
707912840
2569528
33910384
1151722
170915681
705166
57585228
1089455
173493491
7208902
365278023
1573987
694878277
1348889
337989673
2597934
245973968
78405
575158096
7117177
387656826
4079416
109011920
7689372
507583441
1016503
629184041
326869
160145660
752850
523728257
1707184
142106465
5950765
779312195
511294
32914335
4386651
434086931
3089757
11708013
721103
741564058
2153465
267485982
1778629
873567566
6608784
390862458
1275720
414397325
219723
302323035
42151
82081935
569895
751336591
4055658
314244445
2765479
122588337
3210115
657366787
2111955
177659582
7102654
937168692
187445
125515455
506550
158386241
289027
41555068
831336
491700579
6677254
255651144
48518
181689860
4553537
306805751
6906828
587908584
1987785
398451065
605068
52633420
5123890
632667778
862943
561409061
63302
403992183
4826839
424740274
2718669
223216865
4545497
38055203
1871989
105403852
384495
38471210
4464562
518767955
1105212
122868117
6015764
4274609
2253211
75647533
8175042
125958432
5035958
187284296
2941155
640421489
3777524
223984950
1001538
405711682
1404930
411591663
251449
192802938
1739307
226273233
2939439
149666058
7594872
16797345
3334324
262741477
238469
329123855
3746397
4134706
3143225
120249778
1586127
187633831
7118097
518635599
1377506
95503814
124978
11601793
4357086
27350457
3266711
14591016
5079308
32544875
742498
44726489
926523
336039500
3279199
189452037
220662
217273895
1765249
104542685
6142419
218946007
2675136
263418210
4874583
34093619
8272604
707457979
1757443
258198885
8202029
619451107
1964818
57145551
751162
115858793
2008337
123348505
6138876
145062753
1384345
286124257
5700398
24574230
2582243
33317657
9225013
56863573
769101
373683718
2298172
214734591
2890814
344522210
6229850
461875884
5056593
225255498
1617492
590415825
443222
73246646
1522626
14769601
3000637
355242217
4448799
206717630
7492385
66777018
1268285
521270096
4873092
164043523
1428210
660970867
254045
328225117
1508383
197481729
1692881
423464679
122094
199786962
3618911
119300358
28640
110202027
609264
99798776
37837
528894652
4474472
15370008
2680684
585628
3508458
304440053
5541308
524589726
2292672
399138515
6773299
156149500
809440
28931120
451841
122059057
4178650
412223258
2224221
381523161
2603822
118507068
1852174
158195497
263001
1859603
2459026
122659835
4817410
384505956
310321
414689291
69958
72845574
1008488
140075373
1898353
398672189
932333
164733102
476093
399314997
175690
780368736
1552036
41256260
973797
336105103
500976
113021707
7646297
137012292
3698224
784182752
2347994
735885465
3349815
311323365
6953496
29419329
5527690
43867141
560132
217165535
1349150
15930212
2112657
163258133
7509317
574367782
316763
53605973
438001
446013190
4593852
79481086
2234936
79865918
3247489
327313535
184150
572719948
5163175
38584166
6804251
318012047
325849
286623349
566780
382506457
355206
46249148
2516372
282015715
1497972
22607238
960374
19463414
1616029
374935484
1838391
582877185
951126
53582544
1735560
52397576
3964916
629950761
2426981
60355553
5032960
369078598
3538881
56650519
1104436
496581550
3880760
211441190
189806
219370672
4383987
3898500
5239922
118870375
2063454
713621198
2507643
151790397
6747403
227061415
4074820
169926376
3430344
68719845
1160377
305355281
5001928
417163610
5914404
110332599
5911268
524219334
3377642
502411510
2471802
997676041
100996
426549905
2562977
183769410
289428
441317227
2276233
535821426
98075
195968597
5391322
236130411
1588381
336289805
1616106
539283766
2434252
156658033
4294559
184770316
5914479
933553128
3703424
79045572
409792
103921223
5826355
67686851
2765865
88528017
1058633
493560286
3974979
298634487
27122
129544070
6165920
459399913
1528092
33057183
1039076
193185655
4456287
207744588
55289
71150204
5290916
80617171
1281866
384497031
4369966
5306810
1361528
239587160
6389511
103619854
1029296
47077003
4103576
576291750
1710762
235667440
3145779
46895700
1047093
612786966
1488454
238761823
935659
104340683
306343
101276480
571402
218225942
8779348
92311361
325471
283055736
3292257
307852946
138676
4516842
105954
1801392
571469
27818620
2657838
19595311
439363
97658961
2024264
484997275
3424028
70212564
1643258
503392674
3989564
63417861
6430412
95146758
2279869
26002713
972386
500879848
3572662
170578726
1082487
175482508
805664
299067618
311530
524347
887385
733571444
908404
436540432
3039364
5965159
1466714
167803570
2744656
31380482
3404880
547842920
1334561
96109858
3812086
8902002
2566901
68802558
970785
871106826
7889633
463978241
191413
49748067
7723577
2849820
3317804
191873523
368513
85396467
8403932
481855053
1605479
429548829
1962024
15169325
6976210
19556446
12548
50611716
4552862
64268250
871336
178773308
2649950
204404194
1638295
475821796
83625
10135944
3958909
485863896
3238372
441265
8521798
12433862
20689
715269451
2024218
53852341
7913635
106203696
339972
64913977
238617
61488890
141314
9836606
1656916
111528205
1409032
75842914
3795552
762866054
4112332
3350886
3800061
239034094
4353050
56059596
5225279
466679580
3709234
37291072
1905285
429970874
4064256
9663869
35402
101387258
1816698
47433071
1934328
221799046
67305
1169833
6297837
458107888
76699
382517308
4487544
51635759
5981804
17629266
5225477
116096773
2186054
33246302
2283026
155447088
2440769
173098184
1669595
287491683
4721397
743578686
4478779
46786331
5224840
496779588
1779767
6526545
624948
154318709
783421
105968897
1242739
41860052
205234
727860229
376406
538877927
2473303
229426660
1652808
777544852
941087
924120650
6234486
409726466
8810285
746498572
604779
110008446
354120
136313302
2018094
209841748
1320962
371292314
581736
510590697
8479583
45893217
399888
263195616
1595836
230798567
209575
646634950
4061777
2485556
192926
69722651
3348130
691765363
1901652
11144296
3001084
200663361
2114087
241102500
2000238
196236096
812074
101069316
6684127
512107129
6714823
400668499
268379
77111944
6126941
17317367
6379000
670033
1660166
143980993
1971883
72332807
6996988
749986373
757812
232259303
3186505
9476074
83755
378858042
3363706
418501757
233153
113984331
2718104
843365660
2435369
48503229
6318956
24494301
2310475
98080821
2880867
171608334
460419
159797562
514459
498703231
2312078
239228868
1377116
152826104
2138552
672888380
2624244
4019466
3377098
537791136
528971
879728740
876039
589711581
1460222
15250303
6561755
41151624
5973765
427685349
7690321
650625622
3785073
291076435
4498091
191903560
1712698
131677556
711955
137694898
3037713
852742316
2428921
221897398
7828735
306891608
2033991
239979618
550692
53388299
726182
931887637
634170
694527910
202997
90177292
1156170
282965450
5859902
28293663
469207
13383652
2729799
202167266
2659354
585335955
2650665
27014694
481991
411869863
2235981
532513958
791477
410009539
778509
3746760
4461289
149767732
156731
37911168
1101142
244274723
1230875
396003522
3099971
43033729
441748
166730154
16880
93916860
3016611
314501590
15358
48245966
216624
126687304
444578
221907247
769313
230005614
1929706
139279417
5931332
107373469
5124195
699314429
95340
9807651
860024
102085933
8584494
523540759
1942008
233231636
6872882
136682147
3638071
200751321
5227558
57183589
4924244
623585853
3634206
317161620
333453
489349041
1338201
741568745
5307600
38108809
393978
10214861
3958089
316461691
191569
103451218
5619632
367494452
3746080
185273001
4882370
92870249
463072
209199755
4030086
243349325
3277988
38088943
9841132
670198789
4618293
381495181
3998631
118578027
518245
18868198
756085
38626587
1365327
143047885
1993874
182801481
2266214
734178481
995934
32310804
7613311
344579790
195184
774348705
237174
3251740
4318806
383100635
520135
733206327
4305480
260389230
338677
196575203
1155025
9129567
202878
2205185
2156379
251374937
510239
358858952
90877
215734998
3775763
586891287
22108
51004159
4274633
425887954
1489767
32761588
70307
1142507
9468940
27911307
268135
12640352
1237736
64051660
6210286
41149951
455411
789667633
3474167
99786349
1580697
1012141
948299
773910017
6274555
289557438
3454248
125794077
1317140
202059448
1020102
153794549
4914983
52668637
31352
333154768
1591763
105378153
5237995
104847615
9461322
56255182
4206007
800342802
1681627
420736741
492114
143861851
2167539
597054002
989496
196598635
2110931
160653404
4683240
291508016
3472283
94731844
2991776
54693258
4248999
301045597
3018110
241531603
177172
141364083
2712298
159376315
492501
85349749
5114220
161675473
7223240
165367041
5434274
4280060
3276004
438983542
2663409
453993629
457211
232075912
757466
143496610
3782105
6137151
2331016
643203231
5814099
113497411
6512201
155715907
144602
795584728
99565
42653490
6378060
342870265
31371
345068252
1855492
214479982
3472879
39287509
9191
323111380
3188457
166320194
48763
97960297
2157924
86284580
196580
938537
4638400
126476520
4658908
433861773
4263238
121289795
1991354
503059744
1675859
347173798
5482528
25928948
1946136
845934277
3264769
9397804
1693669
923634651
645067
544976806
2014509
452034609
4153595
131503673
957499
126227703
4932606
209764613
3441063
302544893
751480
36157263
7370772
103723657
4678881
173402370
1314303
315194053
294209
328168071
1282534
436554508
4978747
825217473
688101
485895515
180228
84811915
2637751
474078375
2482114
642986499
28746
357203607
4261756
137832120
337633
488558755
27806
29896706
3849686
3693642
3011798
43777484
3036361
17506529
3838118
83423345
3607006
1025006
1825175
129994708
4592206
591716274
7264111
436285350
1295240
643706943
6047136
5324182
917985
473807148
879227
722836744
5418058
466782025
5115610
342317299
1495613
626098121
77220
51721039
2281797
178956051
3615077
312982027
2562457
42219499
2660327
239583628
3370778
695058199
976697
140917756
8212651
171401487
2655041
21109204
1781541
401928086
57085
562602003
1187361
470866524
4377677
308059918
152480
121654004
4414841
348931785
7606914
106082109
1481766
216795137
2854439
398537514
4375293
16256876
3093541
22917830
1337598
83180374
5201858
50634560
1732565
487136448
7907353
139093053
1740875
429428738
848178
266840062
921638
206399751
6576316
693162321
2403423
46821045
2019794
684250758
454034
479867649
1070974
146143988
4642120
217219182
3962485
131775632
1323199
207843049
6284243
187801368
5201784
90161006
2430535
29673152
255153
248571020
130021
748728415
1650493
90592967
760609
769723104
49500
936792934
1501144
642572311
685191
753005422
3332812
365443473
3501188
92005569
4169959
186265783
2275130
280643060
3801990
24639231
636841
46552070
3279871
644498422
1021555
147187575
284040
248749626
1174455
70075780
495715
23613101
4890499
116386144
586239
169607479
6468437
32977235
560115
69106019
1655684
205959686
1537716
26048723
3518620
34222005
5196873
85710376
5858142
41131547
6899802
599108718
7743725
115135268
2468870
638744089
9313568
77285490
992996
142263271
1858961
435369466
327840
255275042
4144564
418513
3225436
102793752
589467
37668657
2114538
165046817
1663453
75149896
1362108
520141821
2508798
160849031
2150410
384564738
4364456
175005587
4292328
144263097
6513147
5341339
35071
296308169
2632778
7491109
362842
389070932
5236044
64107832
4885336
111497951
1670412
32576200
53124
48338063
344725
36119756
1081302
41318495
1230528
518795235
1220778
424062975
2056019
38583214
362616
179743464
4835824
373010934
5571930
38194813
458905
205758007
1885147
6114249
73956
184282014
2615248
183636657
1422102
53030626
4231414
145942425
2424361
136832066
1117515
2412606
7210715
120784411
574358
64124118
2296504
105598506
4150891
183585390
1721325
400759665
709748
22889990
1740226
522364291
3718854
157638637
4304971
607497507
9726781
30901164
3059383
136068194
5145014
4877334
5411406
142801979
3384634
335579861
4292937
729821869
548861
12388227
1567049
369001622
4084587
360398762
110908
62496370
1216075
740163914
4092557
566769751
514974
803521543
1781137
27989668
2170942
156581291
471142
133892925
426361
496760051
8745513
618807680
2337598
366998387
6001103
143695105
335008
654468792
4464254
245105135
5135530
25846556
4887579
336160016
1129643
11941947
6543012
632178722
6060518
99476958
7269086
119195493
4738310
36808014
1948818
689285974
6067990
67355899
175
285212883
6583136
128452315
11674
253031746
925611
7888074
1836719
3941525
140822
137556105
222023
215808038
3243354
31348812
560648
534853016
5930810
216101288
1301059
95038421
2682047
590853361
1157974
126023389
135258
316141709
1062986
95878114
6037595
311430259
3754101
304249617
8457713
12084732
873460
433398967
2287525
229803274
8357624
317537121
3755109
8388858
1378546
420916855
4238533
149843875
1183415
868564525
1280743
126415898
931530
249505300
2590677
249850090
7087715
734177573
4716
43500037
1351540
154633162
2378015
355563618
72140
20787569
524160
39290007
5974459
631313854
3032158
155263148
4209083
43474423
1899643
98440036
5242845
132538109
572582
334945660
1333713
218402524
516492
134030914
7096306
399529895
5229520
407549710
2777420
589271694
3125088
172141059
342617
339219582
1782753
31854765
644215
302176313
1854197
18895393
8001434
25137857
1448170
24060283
1545068
8348343
2987263
495728918
2507875
37758607
5859815
849076250
5255230
117944517
127324
150631537
87742
819234215
2808953
693284709
1377112
148032423
473743
113651113
318898
121432774
4105369
166885960
3198829
890751017
134005
130255314
1337289
146888625
1824865
456668632
748859
279166453
409280
131451974
1934459
689600112
5014462
9770681
7587578
420122933
3162732
263821916
2558646
551714158
158268
636935646
1050633
9959355
8088027
266192270
1279328
160638169
2608420
724087301
1346546
169308959
5790056
192780476
4798201
42161822
2694879
789710759
256583
142258289
3807093
223990508
3856900
342119488
2365255
381859510
2754283
61784156
2245567
88986741
2186956
438934109
3348955
635935769
1414400
9522274
7158709
28181660
53846
148376372
3053615
84518904
8465298
303565958
4203957
718796204
2704912
302224543
87464
34980910
339858
594220342
1570960
392052396
550479
108715790
2946706
201944991
840441
76961443
843576
140974248
2924840
3977491
6462356
202324130
5139021
36454769
69487
93933413
134979
380557284
5179449
543752111
6147161
188697463
1039588
92616438
6381691
591603449
3382369
469635128
4604261
876433632
2204413
6840017
1945933
678783876
555828
583369748
25504
104259193
1710704
252491549
1126814
97811839
6230095
193804867
7271695
51175109
926387
65954655
1602184
2402246
62994
368437866
4459038
41655255
2207793
294243213
4887482
364177360
6354640
365119653
3188328
664377729
3374929
548130742
4321626
342430402
4919282
52304408
7151299
353363542
150944
151213202
4508911
108032674
3134751
134953437
4101240
234904973
3203466
65523210
824098
30479130
16119
347468643
3841572
201058800
1489270
187909315
544743
693208770
768978
84595604
493511
233651894
5411445
35388192
2479752
20791092
1057925
89548980
951760
160664202
1138528
557314558
6248823
300196975
5147145
117931567
169567
1169056
35344
261593698
3621153
63142867
2367063
573920481
312443
163426167
288438
506150830
756155
407934413
1041006
213572312
388411
83437453
1429581
123554715
1746503
792754412
5214809
548120342
1341101
310370330
1808069
3973350
2849960
217826132
272786
861892855
2358945
463529393
121286
408663628
313401
377805782
1245543
411060402
1022049
541313794
1020453
74309945
3752265
11210167
3369744
70752609
25543
84574221
1414082
20906058
1766173
333920743
3979038
33571129
386605
9724553
33472
699200522
3148692
149298953
120521
151685444
896465
106260161
1407827
709157334
4489181
230604077
1894035
554894229
5441873
21755002
2742524
176520726
4511482
263454926
482697
448497221
683732
171148004
65714
796289843
375382
31218140
1348548
162543423
264451
164619921
1117784
566536980
218308
172471919
1359405
33058233
367076
781323077
4935899
76471620
7752018
259458073
2140757
294078220
1245481
626203003
473341
310032505
820495
546250480
4246752
810228705
2643792
38366606
2555452
291145011
5824854
12772222
8345
185712042
7966677
558746071
2473605
297428352
4800267
86219903
2799894
212765179
5443182
209169830
1580879
9537138
1358669
982122530
2733947
285042679
328789
48037728
1180095
25357034
2552223
80918364
2522228
390760806
6311287
87765014
6068174
388641738
1824539
34078705
1891605
83850289
3147477
518756258
2523314
524973173
3408
589284560
3269040
406956205
582352
324178154
4343355
207426607
746763
137709681
683838
200156454
698642
3655548
1818833
8316870
611413
339432053
1670954
377788823
168176
48526612
7494510
171711221
1483937
60831229
144236
150673713
259871
41095441
4387204
57588346
68278
43987958
1948717
407170676
6196522
840975721
6728539
6889012
68138
59316544
3365714
269218570
1546778
61123
377163
161980910
1423037
696682065
182483
225577914
2369600
188217888
1454714
20406783
4758753
657028150
76243
91906046
309834
2960785
880381
215276808
2317832
104867229
1300248
864548820
2058598
88709729
9875300
14098558
4182918
530757819
1240640
789739175
2176593
139214154
600384
241919988
4858921
691854261
2709030
54857640
1923027
95611067
3584839
319377748
3491125
73983584
3333922
1388278
2298823
145056263
7220596
497254030
4231934
445442651
8912
31074509
2585030
41110466
4185877
229039755
766533
76133349
3550814
86307372
667189
6024150
758090
342958693
636277
509393788
1121810
117999244
1677411
416957072
1094678
233464299
1027612
132648133
3991585
42394510
6343420
789834992
8858367
87809265
4962584
25624169
869597
635748339
3720525
328593068
9553187
138295412
189087
351569373
1176699
364474313
1111163
82390204
1102765
10640032
174314
139035590
928165
4758514
2204020
610074625
1680204
18627001
2598583
465039583
1442901
259040340
4007608
554990332
249259
476547011
1155947
893371976
105286
201440481
4205573
672896658
3564229
14663751
3366084
13745078
546484
42850004
1414800
72950540
530462
192546355
5516708
675706440
629187
536730100
2372748
75957734
1831899
161006403
2709839
360700892
5343765
69330738
2022092
153833218
884173
71186557
2377787
221185734
1341768
330053436
29753
65826838
1161344
80884390
5034504
296890523
6696092
5498591
2710416
21570523
3205808
164560991
740887
574098255
3375951
375895156
8303456
81330333
2716235
51367933
1005063
308228779
330989
38759453
968308
308899470
4502674
282271943
744
37410978
6650338
462760150
1599913
255810487
3559019
22547044
606120
254872129
4321453
534407478
6203724
10199661
4231200
91875585
698226
28934787
1070689
200316879
5381546
313996041
627773
293729202
3587550
727463262
3136188
286240671
7391576
175317318
917834
531480866
5513458
361549110
820174
252988593
3951662
173405444
1141773
99793097
7405091
315465068
1121288
173092723
7962406
115715664
154206
104336402
1570408
165936241
3949450
367582836
1441080
5331738
9674394
17328710
55872
4477966
3795655
2860491
1097166
60009409
710432
1569856
2196559
917246626
1656797
479149277
5716810
336495449
1093725
100051912
4997722
277150249
1399649
706317943
1385231
117186466
5412150
839330798
5560914
566631910
5279309
131730897
170374
398192771
1549452
342630165
5135501
334710210
1428261
169802115
1718933
24288513
140684
40901311
1058442
963855520
4638929
76153316
124221
2712155
2341393
833974572
2616465
51643364
3669561
316249127
968040
864074517
20805
200476891
5801665
74653654
597975
252748200
3304987
322881668
1453777
161977921
1733171
208593995
1828160
99660752
4273728
442513687
4436784
31273427
4289722
40485483
4715820
10018365
729847
211298580
4375484
133122933
1534715
291482815
2934332
197941796
1256894
20071355
1173302
23264688
1770565
263023855
894293
961733642
784315
514665947
2796864
418585721
4773871
193873152
67224
532623555
434292
310148981
233688
42788814
1232413
487646110
3411433
58489750
6409737
257884729
4581597
82912896
179067
189080064
3288249
135243046
8384923
518384625
308075
44273784
251665
237855246
35883
906380
3992198
492164583
47737
364684234
2212855
33729139
280833
222504458
3413567
56246113
2689653
424949088
5781387
383804786
351898
848155730
6117777
111721914
3640831
14234278
2592503
594196552
154140
262686413
4280450
207518559
516693
342051933
6938402
63424911
5028877
251959325
2287241
862946660
2477843
657363196
87016
72757280
248693
57006302
934369
91121814
3060814
110911248
5479489
47751561
111281
212210335
8682381
204050060
8511685
480106809
2052224
342666337
2388131
55139583
560164
137056992
1717514
79023363
2427149
706576129
7193864
22491996
4475643
144637892
5550587
28278689
3111884
609474663
1042949
104642458
21285
122010029
8583430
193736016
3988019
166121897
487422
202306429
4220705
4918068
5305064
30178172
372400
254872107
68424
179340213
4216130
29095088
3318406
176970449
5141097
234207478
604365
10701399
369545
226709152
2849928
373736062
2571194
212759613
5621732
32850923
426198
491721689
307391
230051492
2885354
801427731
185094
46861649
6008233
385982305
495893
947434367
3944123
59605103
2379341
141426983
4619858
111493668
330228
234682458
2339287
104974895
8134971
57923220
1704322
327323280
9072520
361703763
78137
888093413
7722162
353000076
1913162
668144521
3139669
270527146
5076946
575188257
561170
538917627
1338202
192754313
2094762
34746460
2980245
257027581
5583181
122128176
971552
360671338
2811326
572922
1716940
149472888
4225342
833910163
5467692
4365048
32763
736807125
486379
348898694
2460152
254452756
74282
420051254
4564228
152024091
5685329
933687006
2079561
214998503
2539554
109003835
5129989
445246841
209463
150231955
3278644
836967133
941998
520818792
111318
31282597
2920908
184813855
220931
59402575
9269392
67255506
4485914
40515020
1888699
406469075
414640
6336013
650631
131666391
2147429
50173472
1861530
805626718
11648
632970245
3862809
186871427
615155
85407010
3889683
465888722
2284651
662908695
395621
95590418
705709
2013310
583171
71097454
5629915
3836589
1671086
129837295
1248810
164402645
41139
861610229
3000166
722984149
66622
127394911
2564127
27992201
200861
82533686
5485197
218380459
266823
71626716
1167973
231606049
105691
15484517
29305
141260244
125258
126604321
3406850
145158080
704387
544435743
9610548
110405474
923409
113925077
21538
124746083
319900
108713194
316853
78283534
147848
773113981
819747
170630140
579499
407987104
54130
97792314
8479075
422496485
1867573
124977824
47687
428031002
1775300
152539756
3870514
668045588
6144038
2490735
360316
155991236
6947323
511043289
5811462
481182922
391044
425624236
398277
542416696
230472
591154087
780697
184625727
591796
262853630
2408293
108833905
994238
161114255
1862842
227377535
2233229
595502211
2342591
841278169
2218778
781713
1868364
823634249
908149
492595517
3347935
336957505
2126613
26727623
2914272
599756860
615005
197224604
1960171
129010331
82627
157814595
3814307
487780702
9127407
50306220
3576123
804522507
3124361
693079439
4081961
226673845
176526
19019084
238512
69079388
1916963
49915286
5171384
358586263
1044698
45418753
1928325
472026186
744815
353761999
279822
314640987
270940
97424982
651978
427656790
698003
328710599
959492
229943425
5204334
477835117
9787398
526442233
5204426
81691460
2353905
51859392
1358080
235494237
2553920
886884836
2220229
325218307
6795310
557140920
5537757
817314574
3377258
208915646
689619
363928745
161268
33407591
1211797
96885132
3616927
706917394
1532794
127045705
1229573
153157459
3888778
632691047
1175417
81020157
803758
695273333
1651245
497590102
715280
457619029
614356
217561169
3679205
630431415
6270412
8392804
856573
557985449
1669322
94777660
2161903
382150790
95455
30874484
4788503
352929513
4911067
981452418
7008145
466130113
3816918
615195778
1514279
24019054
1508407
248798174
1453826
607544495
4039799
62099352
6402893
594620899
2255474
728577678
2509275
131849894
23503
166726722
1102514
270320629
870019
104575400
651005
109378488
4308841
53253274
2534468
119309853
401295
135909484
4221109
8252777
5575704
156535774
878845
363024801
2987160
504377501
2310221
107068797
5336286
34709368
3821312
55639139
962256
63277552
8778126
182967210
519155
125875177
2968431
102026051
1120467
234830200
612626
328471475
1304521
261915690
4052192
272619880
2468130
525530332
9692
120310438
3158253
78905672
4712621
386282247
1702
134721934
1008230
271036568
4329512
74316335
2173336
24750371
6613167
30404317
4180690
436576881
3433219
158373271
561375
193658968
1067698
572545018
3462475
5330805
759186
854068104
2078815
780798572
3050634
363031760
2992165
569605434
1184946
13834690
764146
262649900
1958288
307208177
7184872
781657232
2940348
26851440
3425014
311009486
3143914
37655768
5234279
739247011
1497367
277218013
3360342
178582422
1417553
225849032
4928066
711174942
2264702
8058013
1522137
7004965
52056
270403220
2726673
177059082
3178349
456981407
1188482
170075828
1885099
52176199
4504331
134402492
6991285
26576537
4875755
348612978
1375858
70937624
2821842
219893245
1384190
104529650
1164924
8179621
109448
17479851
626822
161072448
3063187
101151572
5417878
572103572
691790
76251865
5899588
112071397
1696038
636296462
7824028
135100962
5568090
47357641
8936719
191462849
215805
550598462
164265
153394342
9145558
118358785
1161750
558609500
3154586
265957445
3620426
276848283
1770918
76949277
581299
679716423
46949
385456478
8261940
467110166
9030240
55839313
7703305
542772116
365671
313831752
2973752
46864758
1873205
68034604
147557
5599938
1842938
105104027
5724978
25681441
32739
58015426
624579
95754495
1695735
127149668
4814744
26323666
5381307
55241356
372317
90287692
358113
506187817
1579956
75291029
6470217
213588039
3396677
479908623
1198175
13452058
946784
9817852
4073734
4153309
306997
376341926
639159
805868466
6086377
927395688
7718765
271106975
274814
479829490
1551328
414281501
149072
140244448
4621821
497084435
1978722
28035859
2874984
217946877
1824943
131642846
1316181
114143382
1369184
372644414
1399888
1399591
381138
259309787
2731797
154907772
3778559
125590119
494795
182377361
726016
380191523
5843167
359054073
1066686
28160287
3458623
398094444
4657231
64019410
3027550
404496738
480789
180173217
1424870
78628733
481203
297268855
4417880
180214320
538111
144397822
1859210
515682137
1499353
393122978
3240883
11731544
3051162
130754588
3114570
264111677
9678177
322993841
2463765
419467887
2884346
405719252
303540
456490592
2504518
428627840
1565432
138475599
2503263
127309629
1069827
225525776
2720636
471623928
6646204
80243149
2382721
158135353
989134
255727045
1554756
261312603
3776248
169063137
391027
431625059
1740994
890732568
136337
232554286
568844
272114158
210487
24233520
3141810
161779616
4528261
168256767
2175209
23873070
8971857
515729709
63761
188373899
6917959
410176677
656655
435350991
2186598
128400041
4294839
478065415
19677
389087394
4606083
5865842
1835083
434560279
4030425
104371368
1165314
543667749
1358603
774503326
1046646
244279471
863357
783641326
6368215
200425956
479681
535195225
49963
284330181
6411028
355403351
1738576
608387140
1964177
45209732
101927
146452135
670142
45880520
1300611
61796689
6685808
573005584
5055453
13298958
4032035
373551492
526199
108281755
2427984
248412098
2541807
997445896
3178650
754662591
427452
28300722
9401475
324426250
865041
113403619
8026070
16275439
671673
8638156
395041
277811637
8822645
158658043
1832916
544878696
36156
45902820
4191161
449440530
1324433
431172623
171902
124563901
2695543
156804004
2504633
251787178
1271034
105706021
5668233
13313251
8113626
307191638
2615479
155166565
204561
734649588
4024728
517707098
5161167
92047580
3868172
101675958
3990842
187472130
853086
233129151
3249994
81883926
4796395
616097725
1583181
82957636
5797698
471185270
1191193
237510580
8657673
1883219
2523064
42121930
4205852
130528717
178779
543860694
3246730
62941048
1103214
475999161
406269
167688341
289021
552172013
552816
27605552
1342406
728671652
5211523
418878491
3493046
10354182
3017948
87977994
1492931
16435591
719961
6766878
3868257
30767195
28691
60435531
3254653
199607753
1118962
71491044
1780929
283024911
2767052
695368311
6522829
25685950
537163
46404476
2932474
37752886
4016204
705331330
3299539
63386235
1077906
899396164
109814
77070584
1099309
336445403
3784
2262752
4552339
406721097
2009822
293930270
5364534
162486548
2236180
43046133
545360
238973378
893268
331972646
9201181
881942542
4643669
426086281
5421945
118346470
977728
95890771
149117
87219191
3307932
309802967
477200
48883052
1104532
244192522
6940965
13747274
4506377
140658563
1065551
113388177
847620
51554818
655767
36528102
4481516
166923499
342721
188154534
6802842
405554872
381239
44651290
976580
166669387
5429819
498873669
867640
47960323
17687
217644480
1495793
298211055
1699758
356518223
185378
23388014
8456562
851909517
560746
382084189
4155066
321367434
33603
171479750
279461
809431375
9323650
611606117
1141648
72629709
177327
13884247
12229
40112601
1317200
196677563
1057144
2938196
151576
78302411
1288931
376570439
1531369
51262608
967962
20772717
3187315
33071996
1124698
373630706
1007248
90399352
2100916
50680385
2480220
2010296
2343977
99911063
70311
328114845
4810190
139517466
2893463
1421586
1652018
580140073
910179
199932978
1022081
857488462
5962425
642790209
2962549
344497207
1439667
106486178
249610
526696752
2154077
335194871
3676603
15174527
5027132
3259503
687019
331421935
134621
7503649
342492
315841319
940964
23257656
818
156403649
6769609
300395454
2333246
469557374
1575622
34996907
51548
48541350
2651896
18215166
3441232
21764277
5100797
23462352
1286316
372505963
424507
163583507
678310
634676635
4600986
228166669
687285
94009295
1457858
225993394
3278730
203392125
44664
143784466
355801
421830421
114862
60394655
4799263
28002910
6747092
807538748
1489679
243787403
7695360
59078115
3862743
47254253
861120
177746669
867552
32661060
6048145
57363336
6029571
21581878
2794918
339641
1045479
458725542
1632259
453061994
4777514
316577476
2353054
263496303
3348185
24011998
5383610
217046623
171415
158447496
1913964
313456797
7585733
256312263
7823869
25638007
8484636
13181891
3517946
47317996
715082
71590789
5888770
46515
443452
173538392
6827817
768293154
1846198
146120848
2517070
111945864
19992
106933599
1659624
415838201
3947187
458498959
2101509
737904172
4452284
693299137
1267258
240879639
3260701
20176167
3483841
703311537
1854281
204261350
893589
58088227
3639949
478189528
697360
262152561
3992218
724027504
569945
93891925
114434
53393778
1045704
231666066
2901615
98967294
1657505
105706157
2340856
11229847
7793620
144436920
2520612
31221390
2601812
72914492
813720
8188103
406796
324634345
3846848
48056023
92018
61194342
5800813
259720773
642996
126883555
411891
831613052
7497289
101571589
1469280
204580765
32248
121507472
1456557
421309155
175944
803193570
2540221
360174129
118101
316509998
3196584
311754333
2300441
806250686
2460054
172035174
915132
12508325
2644159
604144525
3979218
366373702
1517454
86669306
3726922
472896238
688507
13518766
1597617
79767708
3104675
242708996
3996388
363697019
370395
22602358
4590576
340758070
60207
917855334
3685800
43042583
6893215
728856465
4545589
785773745
2220908
198689699
5840101
668240246
1081900
366421166
164601
340229332
4325871
597398746
3637013
18141025
191115
173818160
2481471
12774151
1079854
45132739
1245203
26197839
4111315
8716040
5233378
406624789
8482585
494115868
1588809
3095386
10247
483573679
677088
27665795
49463
233267064
322117
616915213
3566102
179400127
1909511
100831132
1745429
33649264
551593
172460296
1767780
40824543
251477
141209319
4072713
686212272
4228934
333071711
3658369
758122354
8419574
47543711
702469
7521810
1411200
90135808
3831026
16421883
363918
244005866
1701214
230296332
2846095
32416353
11481
138009305
617830
46609060
444814
269911890
14659
4677144
632040
550618366
700483
543625620
4276796
49164688
847120
309231596
63587
74218927
2867136
160690965
7142069
521972348
4605452
493502932
1199804
336633024
228638
263824752
2947975
168901921
8402498
115585297
780138
75459902
3263938
510318350
298986
145620060
7320404
363564123
1329690
424626519
5785374
118992139
1611823
101053980
2061356
74623635
1634165
439807501
4703749
10644716
1056325
457229802
2824837
297137191
113577
513780654
5688973
685630825
1751523
20179340
2149541
37386507
1908772
218882823
3137858
70341526
774607
631697306
7142211
187294505
101351
635980290
5621017
306135182
8308885
484492310
1311338
678022838
6848240
424864150
945541
143090646
3450927
175102566
1445458
792304126
5463741
639219509
1121273
467903101
750921
150572867
5634627
230552176
2454513
433696066
6401426
464275107
7995722
10045711
1702323
37555577
4652211
25891768
1046003
572120646
5671645
337962103
2117931
49837904
535191
220831164
249867
806077469
2518888
382284802
1249114
68403247
18112
231842975
4258580
150897555
237899
134944441
3824442
337147105
346389
616541515
8288806
96817022
128133
76240334
1567693
86388816
3025897
308390835
413862
450424122
2636969
57987065
7649921
347200938
54200
353170071
9292592
31473801
7982467
361321342
2692628
228265064
1454414
352830936
6869851
46588244
1319598
2738516
4183251
608687432
974507
853385964
186746
254496912
167523
406665952
3372401
364672821
2555699
47815007
2233948
595364846
1343405
581099437
1459404
13509655
9385777
16719759
2150972
60511958
74984
931934615
8386966
517104448
582140
4686120
55928
350848138
1223206
502857506
2256815
122469389
2764837
40729336
1948985
176337785
5754190
60553274
8666908
5501637
5120651
80693929
1479199
326732614
6667684
398504371
4891132
458986878
3862700
282896668
4545089
33289285
876984
205046748
155493
841950648
3411856
51271215
2848876
229015801
2417062
123783327
2865180
761690682
24383
665189899
3364166
168817691
3486233
5399960
1183616
45067479
100367
128881506
2456130
362506057
2584686
788208
702304
93547717
4934888
191611313
3471922
594823195
1491126
360944701
4117076
436621199
1117420
241849723
1617137
794315960
762728
265618301
3478285
40717354
7033425
607933403
4809917
603882445
27566
548671218
3596067
327883948
2232627
315011441
3950790
722541313
1987282
824757027
1659083
79490516
45937
206448714
1603020
26443456
9401903
51173724
251619
206382590
4231681
192324335
2722551
207093952
2428790
80230520
1861360
94025030
80725
95620305
2852862
58124454
1726236
366404749
1579930
540468966
131886
730226032
169132
5522332
3168497
522214152
8775076
29332561
2648708
18582238
220626
89755355
2660331
39778177
1212357
3942347
6715657
698463831
343926
115132675
1714967
118854587
4953212
294233032
2882674
5701881
4177189
747542443
7654773
897666581
172282
328021794
9117486
259169455
1336440
117718564
774284
699323755
2713444
32982916
1499558
812637816
887717
664954073
4266115
45736041
2501286
635925211
1344172
2725498
2226181
101117657
5099806
362028210
2722
74517599
8201167
52521974
3650333
2350983
1377574
42781181
5258122
504293283
550982
558887817
1717971
285283742
4668614
49102023
6289418
650224317
4459755
12037874
2535835
568267155
1250032
369625994
801201
245098517
3667996
257804165
6036766
81167042
116688
169995770
3259811
618419075
496587
261999912
1959468
4539402
733674
75351132
16604
184284067
590784
506410204
9086754
93430149
3244137
57426130
2499221
339437715
30711
1609987
778233
957827380
5429759
321936542
371475
24301075
3383456
684541914
8177494
201140654
118101
51216589
5824206
17034744
9511407
206100597
6564262
194079435
4816624
567329783
150284
15661362
4277498
546063556
5302430
518184173
4874167
193577303
68585
664817983
4252049
67362088
49309
546399441
139967
254449140
2001331
485125502
1021815
368057303
1105507
47464617
676028
185935264
8037751
527955408
47356
19345575
228546
279950558
228100
232353478
1284512
145199854
4711454
50466294
378793
62167587
2715139
358247350
2285219
18410262
5968
482399648
3104453
88452482
1545430
614119962
6351231
873699774
3589000
96460634
4739461
718667245
2482621
822446511
2058404
446700611
721749
19698411
633626
115200210
1222681
23603525
2232460
88634384
17206
128197539
3065136
644029624
569644
298994770
4595803
217403304
52964
115999683
4448817
218693355
1810932
455084530
6828648
10241125
2809445
338808184
250760
145369294
4389355
534359764
4952203
81854195
1959068
221333223
4110968
42827686
1684200
69716436
70402
62272570
689681
315046061
1263769
250148219
3120471
216235050
426451
72510724
122148
462494397
15822
107189555
1985882
95451871
5806631
494043245
214463
193211973
787586
17696061
2904261
18689495
3748601
606277776
271708
27996334
2246898
61027053
3735458
414774593
31260
119677108
3847747
24582953
9064881
263833811
1690736
224384015
228424
116261162
806193
415750532
967316
20972359
631454
717119767
985187
53449978
1126850
151888532
3775168
56925623
1417314
95083731
246089
640141277
4664449
135035193
407753
345971471
4013419
886263987
6169645
64165015
527563
301708236
109038
20941883
5380144
153598025
542660
426393237
3137260
87297766
382111
251943330
2668435
246244882
8025238
419590231
221648
458929477
1439605
418438131
6980587
753840858
2981522
132510089
5644238
41014338
1459711
60323999
63674
76308928
5920730
161863362
2562943
495407313
6498
798045318
925195
88661961
3307874
16466364
237900
295638909
2155131
331436521
60767
711176277
8210418
216872145
616190
256720719
8644754
245650039
186902
478240304
1908377
289053358
150242
563263690
1130580
22429173
1653568
817925882
567656
79532574
5597428
38695608
3709130
620017801
2726021
561392509
1898686
190083648
910931
313759424
3777813
84399175
710415
744112764
659830
230940657
8351913
26840712
1087634
42128460
5687697
663634639
5702420
178514968
1078857
150992288
627267
238073862
5677185
91594265
2476626
264496745
1472320
237372401
6250756
151823422
404509
38435806
8392358
52776009
2121430
353333640
5073869
34506354
9032560
11039329
2292169
102399728
7026263
229091598
140684
344141380
2504051
580523628
342574
312818093
5287205
285422851
4775772
810585250
467812
93484517
275515
664063231
4263825
38961575
47047
720939550
3581587
10346761
5411853
59888738
3007720
3789824
559074
1196038
3248825
13978440
1992982
239258345
3839988
130213251
913841
817269399
4902310
167549058
2158849
87117897
6002204
573703951
1483224
84344223
1668666
36164908
3094861
123721183
2232329
752525488
89416
244690078
7265133
701017108
2431454
444478429
5849618
123433415
4818339
424060989
451892
268959165
2161220
1693529
4177461
16084208
538013
220119424
1366576
219610416
1838625
2885906
2913092
444382251
5141477
148680278
1193443
59546493
1264352
683407065
5360377
599214193
2927603
15657572
7661973
96913654
707807
16650294
2405124
535785208
400146
170818246
2343600
2405737
5975375
430503003
3579942
144553502
4168937
92607701
4572948
269372239
4159958
37488545
1332496
471823549
814519
251270159
889038
467740094
2344246
272922341
1353553
113921426
1982342
77916315
1976732
174441097
4356494
295898125
2214492
433576739
858739
686235810
9625802
410121075
2828862
482177606
5465218
340229351
2495891
58165897
2195676
77200186
1852657
240986841
788780
93004169
355867
74980899
112433
137364789
1729893
40060721
909530
783111
4085628
99187906
801066
825976850
3200341
710492442
1132018
509645307
551578
489470697
6593941
580152672
2997534
443416852
965469
124599846
3546823
44570484
2022007
16830468
4396578
89578662
507547
133811014
1203880
84605712
252209
64811478
29817
411543800
1733437
412309909
4609684
612688085
407611
55468224
2682367
220908148
3760039
388011427
87059
215989168
358689
67145397
1051384
392794164
4403135
498828572
4881249
317200926
9372906
359688702
617557
441528796
132662
99289219
574901
543573778
3061119
109491435
867902
734567844
7725336
274329375
628233
138603845
3935714
51442292
5287169
32278165
1549300
102975871
527059
821861950
4235268
678150918
2349876
77494519
342544
320867867
6308758
60777904
2624841
27119390
8118784
75876898
557148
205856965
3046487
884604353
340897
143372525
1149816
430757296
6957564
45379400
101408
49276212
1437003
6250583
3060586
155358883
1676901
305366577
1981914
69137649
5051221
563378795
89153
613043093
1635013
255958231
5956780
248625824
3321998
32009818
225893
200414537
8215500
146740954
7434324
430338776
323766
314969586
2136111
35149898
6754016
374518115
6696614
899361854
5006953
142867705
1111589
44320489
5142118
151943184
3597391
137599358
1735166
353493769
6044067
59873805
5701529
754299337
5520754
6247440
5529890
102808526
340179
181025444
210051
276613639
8346884
923654299
372663
99833761
2312242
373882097
2887743
39789618
5040368
126331390
1347022
94258244
349396
156756305
1948355
11468326
106986
134698563
455243
3691351
3067174
161349100
768135
185696766
1604459
956760
3896112
200687624
16639
640387403
1133825
160007359
2873872
513767851
191267
692826608
5964674
822280184
2151548
21617652
3582602
19557779
3110979
162482784
2437342
75572140
858894
34398892
1663456
59730901
3225090
725213709
3566054
311189823
3705871
566142737
137
182063193
2516585
265670606
8702
557061225
5200792
224020934
4687567
26841708
920170
769234942
5629943
311136204
1171250
151346731
2233990
160876040
3086455
26246787
248816
35832140
543565
219172230
1659035
805544975
1226218
146704156
337099
121671966
3499796
172767307
2564113
587864432
5626290
266708456
6502934
50911285
1932168
422614373
1111058
197906615
636499
261636343
2356575
148381889
3790540
1421255
21055
299621049
824846
342428732
4590091
55919327
7037135
263724053
1102546
67932135
3439426
57679246
4852374
92604872
7554206
290007052
5730887
519802338
5991597
176896779
5744617
818629531
2081894
503532290
2411118
34371710
1913819
2667681
4180100
311857867
2209531
517876483
2469331
152533327
3018752
253153385
1217149
761606316
2282196
260493348
7309508
194769145
51433
6740013
2339635
95606117
1443655
384341920
459996
465069270
3345857
688381181
162693
562167452
245494
68862163
4847035
322788335
3546378
271334060
2094161
120281444
372390
199957745
817342
1178065
1426981
120396339
353364
11403333
1717521
7201864
295358
644356077
1914532
32897870
347966
426029812
5985023
179727489
1183200
236512033
1451085
4805853
4867981
210067196
1673333
958485788
1663687
42604082
5831586
14803504
454966
564387155
3014026
471785671
167537
10891170
508315
708319368
5547661
294551227
1203873
457458539
360120
551967638
97887
453398124
1416326
419570255
66410
669944153
3300051
136540999
867672
679403113
9256700
369282894
4458667
262560904
4388446
107589623
284699
62606536
2520020
15602811
130936
812109824
2313900
434599472
8487177
274466050
1528872
532898194
5353039
581236347
883952
115333789
2967639
85100390
1381114
98256899
3932822
41821763
1619511
391169614
5292184
306072488
464292
279091872
3929896
88465475
9258439
277365519
3149014
18511237
4624818
346158385
574615
155800150
1938765
251677670
1628141
604716067
739384
48737826
1545347
778807396
4249817
433137397
1521314
22527817
1590401
641624407
167534
253577983
4057946
241239329
1011552
112621767
3561753
942895815
536359
88975237
495052
778568666
704457
363449083
2021294
257297425
2372133
32562338
5548853
333090993
6954139
237862331
7198915
215845762
688974
72989309
4876143
304831324
2109139
208756247
8265575
345723200
505343
460157550
1158864
333993849
6329155
735602392
2009167
179605517
235851
492696945
680936
3587703
298208
43822842
2443367
376689058
7575585
553133270
600970
113192956
7499524
42907760
3496026
172909871
356497
199695940
4880105
48385616
4866375
398736125
7805591
485903221
1479128
512965532
1032903
396073262
1281257
515568546
4595957
158759630
1648087
8832275
835619
36296595
778702
771124095
3498451
227246285
449905
587203215
495990
302294764
146341
505501145
3283807
59169572
1248968
11731947
2088687
113559954
120393
688162453
1732962
367330232
518754
122272481
2016379
531098278
651018
33941502
2609859
127525779
2128153
101737046
259609
469831310
6815974
287900499
515495
117676278
9154918
258293533
1327340
774488920
527970
436858546
6369500
175612399
732102
122516022
1750645
150938390
2310328
944789816
438292
82539048
692824
172747554
1040864
30853673
57355
167046698
71935
46982249
6300450
58057288
894053
14060173
4068998
124109428
1060909
213737272
564819
111910864
4464141
51908981
276203
243048891
2363288
165384969
718424
69277217
356504
469250341
2239724
415845723
363967
23019397
2338018
635708
3766279
204542865
1814583
52993101
1398378
332989784
6339026
72377021
8445429
93377527
884225
358840160
2447290
136685086
4720729
123420138
230574
89690393
2656544
577842902
907531
488249804
7312182
40715533
4495337
595978516
6857288
31033740
2727159
226946269
1071533
293184359
2595423
373707874
335204
517390157
3000634
301976457
3864028
754592359
8945321
232165955
56548
61348127
8483194
186948371
1556987
17548960
4696589
22001361
317443
11849636
2419125
298791296
107116
90439228
3530183
275171370
771267
479775618
697166
20908374
1140202
179632126
1846828
391384106
911221
72815792
1563617
176002995
488745
50258707
226483
359702934
1705872
33746570
1040091
173673276
831875
244466388
3244987
1282540
7344315
397131012
374320
670902054
5650653
799551518
6574844
435543059
1898664
765716583
5167555
84002284
738134
125886909
4105708
658506762
242889
163967246
277811
525048567
529906
334172481
1101521
194131981
4892962
501595310
3891774
224500129
1648113
433893356
1317485
526884977
4604938
118690001
2427731
175571556
269861
258602490
3945140
714028589
8512177
438187056
5570267
60020844
3514279
689180947
1199047
358631622
2622717
494050863
1976587
435993888
1124927
170627654
371814
146286997
832952
190343993
7464235
42365832
2046317
84858859
1948854
21350601
277890
776645
2232758
47006582
3047571
9707134
2481039
540191107
3738358
919974720
290745
315007421
5815292
91768430
319
186815347
45066
1214408
771235
318417019
1068189
896343595
566840
611151463
4660630
355325760
1939827
514037171
63082
75500912
4183255
200979019
3633219
80549114
4589004
60085981
4061274
361689724
1286030
249435444
180314
181645411
593954
3870130
554396
144732610
2658447
104372232
1258500
311704432
73496
96969410
3688378
160642306
234713
328707085
3258536
777911452
2716293
333823530
3217991
488835738
1802983
668538990
690413
53554140
438490
9745966
43288
418199201
678356
723123042
3532796
80956311
1263125
364384357
56057
481305624
1226886
309956942
9093098
558490207
6355318
199195668
141274
652498374
1002146
298671710
5598423
676945632
1377800
15015490
723544
303449213
1835932
129817284
68650
342068293
1386356
253462233
3485800
412665443
4660686
401690196
2254303
484561446
2915530
110836051
46432
9006962
1517690
53646593
6510221
204755543
2316962
505549212
1112151
389639840
2319245
154444022
2236083
2918751
2809366
186867422
1916901
256262093
46502
116344523
2164308
597882538
2529591
12478759
1150687
128346155
1424203
316698560
1611463
114889202
5286556
243019742
5828423
41213706
3244035
192882677
21846
80854768
1347431
242076274
1517163
390228902
3455217
662054920
5321087
60387660
890273
357397217
865380
415019847
2310907
252482350
51131
62547324
5897941
338614655
276158
320016387
2141932
308968173
3374288
488823722
1871779
827907140
2197390
830536328
2807039
666210140
3916314
400777981
4126018
76774806
78147
43221159
4171432
299213649
2781929
72604478
2339389
53686338
1951088
154170357
3686598
418115155
6900088
554759975
969852
126200894
3202892
206275521
2137280
451109031
903634
510953691
5078260
87132930
1512042
20462727
2135840
973056445
8697648
173007656
4484981
522371982
704780
623032777
6582191
418788612
664099
634564275
880062
79698261
4232454
138081878
945589
185039989
727888
512037710
394183
921561004
2987142
443647006
23937
62492626
4945442
18092917
6432237
804594160
9705746
76083348
2675844
418726318
1347017
590680578
8018331
828044
1464672
165482413
51646
356684667
946717
25581910
1774357
40429621
124207
144659729
6904838
371802220
4074328
876147558
1109398
189387753
5151741
701320161
1805582
703912247
7124193
18647167
46569
1980773
6199236
602309915
5196446
318914923
3990590
724602746
6968368
15974988
1656175
467532087
1110366
463115070
6328843
75491057
1990680
306331576
1115154
1979255
1405234
543793586
4731528
586008104
1068592
411412565
6301157
405316689
2357026
29896146
3850493
72853804
361917
97713674
7500444
570534746
1245400
123092785
1318198
137094951
108661
142048237
415679
299203494
601049
86708471
1733360
498099732
1113159
112914317
1586216
788180533
4837159
124192157
4409914
662915828
679677
296241802
72422
270069506
9727687
35268425
395498
15536429
938794
321696995
1225731
14152315
4336227
229056749
1020296
544144212
1554431
397032293
3084424
606245335
5104067
175822515
2851887
364604693
422248
316008395
4987790
182357357
406224
503860447
5745677
833707895
2917818
349756061
385987
587831333
783868
95437893
2994360
190373276
1416428
265197662
3031839
105740534
3401198
88998993
2015644
348990926
490198
2707467
264419
300937885
7307916
647098563
1901722
10154075
1000916
47015089
1168087
348796143
5477778
46338571
349664
267363607
2140592
72528632
3923463
453291798
21477
34134488
2540789
81768728
8911879
246123220
569397
496442026
3726271
296245581
7333920
341781446
5779765
236826515
5970868
157191278
1667861
221879997
3788223
49509053
7095575
240492983
50934
144500451
2355554
223081093
2052851
182621383
1903125
110021861
1238149
28724145
5297644
335049622
3415369
227001528
4424028
327652346
5631
26658696
654085
84015229
763351
21003140
2110996
337042016
1336474
260373519
4360566
333756955
1431499
144190739
561688
48456959
2206931
782555563
188820
131442709
1923412
258034255
3794180
495130439
119642
21074548
4906259
6284260
1696406
834223734
879215
762972883
2339770
160504324
6856124
320523429
2207953
828822150
1049794
378270659
3136187
278935372
1372155
235905595
5861875
84520265
4782056
895365518
947436
920815976
925114
5573479
1334745
460292297
1674449
175689293
1317197
47166163
765116
36285427
5126211
215092596
227863
75453808
6505286
471783221
1935889
111419010
2299107
158053570
3945262
316857051
606022
158183918
1255563
1736154
2474675
171496758
1179685
343381074
7105946
424862485
433400
82428159
7639525
343742007
2214651
576153112
2205293
476707657
62594
43396287
7451310
849032718
611206
201801564
6928042
96674668
3491774
181099679
7498048
193338529
633069
48055056
7530212
275433515
122592
294066510
137552
389170627
3057328
38136979
1385060
140875994
1244253
9137710
56622
178219953
6439
645888446
1859164
328536142
2573201
169218938
1632031
436153859
2676051
142789302
768675
384615219
4146333
565725223
3919580
44589940
4332234
694478825
4263905
359072706
6495074
134547510
1222993
9377888
3711387
803972453
6303808
21244775
888232
701122
14018
283908264
1129125
292020704
3079071
3061062
1977091
169401002
916220
61160468
8816659
326680396
2019030
670841829
380252
16187578
5631098
246678475
515847
345021807
308929
129259011
218928
295032392
5274670
393606078
1501825
56192290
1040377
384358146
7870570
189925809
3859718
301182282
4434183
89220309
7915162
107507075
4691845
21968008
2028520
25306441
1278054
29166457
2632007
528957788
555203
73989442
2178297
380968921
3475136
460622778
366839
98876780
52146
195019298
1750038
15710272
4966191
85681138
2447266
133108080
4147272
219006256
7223429
290033611
9986350
90518072
5565351
18911217
1155895
673365805
842957
36724281
818084
629618718
161767
844899683
2691777
177167819
1479426
535426289
1952377
12177483
3630347
792177279
434547
85540921
386390
189710058
2881668
30657771
1757074
168587250
1649149
12213847
8862817
637236690
6065480
16072959
1578861
10213748
5711661
16737138
2947630
612903309
5599483
504378307
3126467
390689361
6584376
663793411
1556607
560427338
1074335
168672694
1107342
746892603
4258304
719947039
698398
49619907
579481
924726
2126172
184398384
3502692
180475426
2028930
86798008
2976038
626263903
8478732
30483376
2991193
32556440
1412059
573773
2315335
365982326
533939
270729578
5725488
23277426
1697608
447441157
1957497
6725920
346738
237298903
406213
11148467
5337078
701429331
5502910
164064789
9658682
881212845
230365
4801150
7206
159222224
2733984
9266231
3668088
40233852
283321
314733264
1152626
6171958
629792
301391753
6124177
51086011
7148842
63217274
2379164
678201789
8594477
16671074
3416867
529535537
5704094
617625939
5257795
56992805
6969566
5592713
3508517
224529930
6661137
5795096
1033862
382464798
130114
131083448
8287126
918178420
4119054
709834179
1026813
87693619
5964119
42578291
1781594
508107715
359540
397436259
3971244
421629267
976102
95965796
206265
390404501
481366
195264226
1287118
35992544
6011362
696448977
7488169
247287890
795961
480358948
509385
162502455
3437978
90945829
5068704
525167486
446249
88595684
7448388
151212248
1039018
32616348
2053629
3895230
2512089
21354963
2649020
227303877
339155
137991314
8893440
2633654
2114425
11177861
3625914
177330962
2590585
19341331
79497
438770831
2796218
63796988
1983207
614759824
1251489
186100446
2433390
481298172
2574586
60856147
291289
235644334
7142
48491047
3335806
31197503
4842574
99015180
2929491
83256419
457031
314100863
5828555
42081424
863803
440509405
8523083
155770545
1268480
149502869
1915286
900175847
6368535
407527494
957083
12540523
606430
32358149
5736711
195907150
1093424
739676483
118442
375212930
5656916
386115616
1980150
159676977
1380781
133274226
2701164
391690980
1963976
52374752
7673108
512193189
887196
459859130
3047301
526710970
935213
745900197
5540433
82973017
4913501
11140966
2788172
1488192
1952207
6344707
1305799
430779111
196930
276120678
1907025
7732469
2784620
244099803
691884
195286066
1208259
15172291
208172
9239085
1998540
465317987
582580
237972495
715664
571199272
342123
83455498
5620664
194845124
3094464
37884366
7344562
72875049
3593744
468850441
5906846
136541494
7660184
323193330
1002169
411063456
9384273
359678182
4337495
29004887
1667319
62527558
504527
41212231
4697449
518297544
6090724
232919623
1273446
438108411
191300
781590588
859696
182428671
576565
26370850
4984284
21758683
6807148
244878856
1639033
137522137
772646
21831057
3380468
643217491
9227947
217345785
2821966
541919138
741084
452479458
7263
229749412
1318276
767491977
4192501
933493628
160095
76114546
1465580
588812226
503633
919309407
856928
278791566
1166932
91262034
20597
212116865
7035046
97348001
203724
79123021
49559
313996597
4496507
510290912
3172610
572663178
66231
276556035
1339351
107384036
1805830
944790466
515647
267359435
3245637
313481495
7328042
281790705
1664101
243932798
221154
26662528
125291
87273760
7922154
16612373
2403711
75610299
4401222
432391123
132654
639385303
7061628
168512078
108688
374576323
4346511
202891812
1538665
58858803
1418903
184995932
338888
329345893
466255
90073558
4468220
135219930
4431319
468003977
732018
218961413
2011954
552515210
999316
7356625
1897308
70607404
391125
790199905
772488
9219095
826234
484996321
8857536
219487442
6193807
4589452
7084218
110342888
3164633
108021962
3146377
88164021
382255
30568767
317350
39868925
2083112
16146118
2053087
34479887
44519
49936066
505907
47993987
407000
250260873
4573909
160490200
16522
295083836
854074
126476134
1227254
311132157
1643795
11887125
1010837
3739135
338095
602323825
2830645
30562944
210407
192957147
959703
127798835
5080905
148052463
978136
293391338
872087
102081545
169510
165604842
910490
567109549
4371933
235167884
546577
475670695
7671558
96508133
4044446
107977433
2794526
766255092
4046004
93283249
835781
159542609
3207672
163247366
3759944
346552215
1699915
551884553
775954
427949980
2290170
49575266
363722
505633680
4249565
218949550
1652450
498043584
6249864
340829887
3444475
146298344
1864722
147487908
1527227
83793150
1908200
827316575
270277
142964352
7820388
99763913
2318729
405109431
4765827
140091150
82196
608446035
717783
388906023
24768
16430745
4589259
406461332
113128
1958082
5475658
30160850
217361
75116338
133103
49170159
836596
97905551
1310757
27191257
4317299
370628997
35029
61562716
3710336
27363421
3234137
622766581
8408988
796624416
18669
201387132
1949798
397663055
6280
65580636
812966
400443600
369984
26588033
3553425
115441134
5417852
182599359
359332
18807039
505129
50126344
2537751
1188872
436934
91286113
929866
94892464
1685303
170226295
1989229
827115263
906729
666642476
6295670
6063253
4307149
685748982
1308814
394115570
93638
50394097
1327974
28366089
9379460
518761516
5801291
32786100
436156
18692229
857137
31484047
1437401
507046014
4107738
523078243
2610968
266878170
1773239
45638267
4463751
303106371
455254
176184509
1313659
221617763
200768
39640686
4421886
286770077
533642
464360628
626970
337883436
4674885
144167359
1809903
712160563
5197808
34219366
2832066
26671410
2209466
40769981
4897630
647287517
3377870
604549424
3538910
275957294
1664456
98831883
406177
227999161
9199322
203919120
5652147
63282877
6000966
160566114
312930
189409323
4314568
251046750
7681004
646036387
809724
67324918
47252
50819316
2254793
546098770
7278479
237301436
1356724
19058637
1181150
41297070
1102776
228650057
65208
610079736
2071637
142933463
116139
24045292
965158
161772322
8599918
107238136
4331425
638504161
1234405
17238385
344890
225566283
2745611
112597657
6444815
55562495
4411354
293091237
1500242
675631486
2660835
66990284
1490041
355394822
5129441
112764595
117775
445910430
5018108
535034281
32810
104720230
1513758
326340452
581984
286459292
5449442
45723638
458452
141277850
79088
70454043
1453507
31253298
4465111
5853618
158915
260701442
1108479
21853827
4482226
489860171
6450612
29013333
3408726
374265299
326637
97803805
14261
700174039
3958355
650877713
1213518
46981193
171428
219791665
6727239
28991844
513452
87820645
4180023
78433621
1050340
43779632
4155504
108833319
2849188
607950321
33689
30639429
1144570
41985650
424472
235269979
793494
677788788
1920588
209736469
98008
573546569
2507400
36177573
3053976
44512091
683550
878537620
1458988
228401474
2825056
101280769
1476228
339275934
2939517
50903717
1496117
51637170
1926102
466281205
2884074
148230763
6873884
39124953
459346
48433121
921548
438418877
2832415
566922869
3963531
138364522
2732820
44340706
2424012
101773377
237193
54137055
291670
75050439
3869727
160696573
4606405
171973141
1518824
194840288
3603022
256769645
2862720
46799463
4135854
91930675
763542
234317250
33666
168735154
1098591
128300407
1387731
567640769
1865710
686588497
2184516
73575383
5282065
785987360
2833363
640846028
5187117
309600151
4583457
95084108
3294160
422930294
4854573
160217145
2176153
251928456
3526045
7139292
2913028
31959017
550385
182507885
4028177
106835546
3477639
85775974
1564530
124649944
1519353
329583515
429885
521979492
361284
78119298
1149339
371144206
872487
224722134
3771180
637973222
4536116
84062631
1208228
496710638
5234070
71984746
7812895
124755021
401262
33669284
654569
262140656
2799912
365001758
7722353
509726547
1222922
156445330
816567
54690112
2253556
41121413
3210663
288380295
2535594
367926198
794874
283561669
3201404
520670079
6516754
111372142
7339903
104292312
536123
57106896
7348229
397546952
1477581
239694740
1386874
37482710
5721875
174329439
177359
438140298
246491
144561595
323399
503348450
171496
29706607
551658
133172733
2325641
4081763
4834175
257218649
3494905
814955462
3039922
257098177
333542
83480806
1997787
515029432
2005704
152205369
787469
52719543
3389627
373470294
3079166
210986689
804535
708522836
458571
134199683
2385996
9618734
6317404
75744886
3156135
645466958
560900
3686419
1337606
40228659
2085127
767007618
1021360
299122916
118980
54138651
862982
548994634
3436611
191474114
1096764
248849571
4807831
19024283
1444924
300513214
764287
638686370
24532
208608167
5249905
726599395
5176234
79350227
4716672
139263490
1652711
782572815
324328
248112494
8627046
512031435
421914
288298971
276145
69848613
2354211
467284613
2839218
122447368
5163540
27591246
6800722
101816157
6336679
251410368
6324752
61785225
8210173
1572040
1421537
118731127
2401843
230153329
1426335
713524644
358432
473289476
2147036
120112355
3442740
322280322
2844856
217841859
4103624
382365148
3165617
701431254
1295928
260693639
582309
32632706
233699
150525115
32627
40464144
3303908
365234413
740701
570933942
1098549
476355233
4193788
245393826
3761045
255898949
4164148
286787061
3653932
160335491
359824
388669974
829369
248468931
4059043
100803884
3907176
714530271
333951
209170743
8774140
201810678
222358
92723046
1659345
73696953
6540498
218285352
730720
295069670
698405
223163022
3591048
630853255
818996
349574048
132163
533900433
4669877
237579120
8446593
53813273
5563441
41831278
466874
36173019
1632782
657485904
401354
427082995
488151
326235553
1122236
387026973
2986062
285047011
4484022
202888946
9773207
352143912
5867487
271885124
193057
238550144
466503
13637399
3900955
133116949
1081144
411423074
1444891
437541081
2251035
303900028
3677630
12747530
5280811
431802358
1379995
43566193
2395566
25219793
117265
106390307
4807873
189053198
1229156
456784994
42402
90823622
4785447
525327109
4740568
232021511
106001
389668997
2925216
438497126
1018145
350086431
2811155
189346914
5226215
986835038
4754060
309017126
6150958
43773564
89937
107971397
449416
734474793
839993
339677457
30516
47181382
1387850
178274323
1338496
361377512
989910
738229883
1473794
5216225
1813396
11104687
7108210
64443418
7201778
23380206
2343743
104205839
1962898
50900660
3060048
250335731
2236291
536853139
972779
128990720
124277
245974588
5497518
118010596
1242949
56791935
706073
199815274
5416719
179615617
1995887
177701080
1511547
240469036
2820156
341805013
5730926
25825525
717237
730055187
4756930
61919052
435317
33349149
6593912
275622019
3009045
568907200
1211080
466008265
3009
258864137
1071888
3572110
1004842
481728207
127357
329568277
865515
216540562
289222
51596695
2885015
204509573
377222
658052313
6634950
35893437
1139672
368772283
1747370
359683255
2855698
272395836
150910
207868421
1234818
88440236
272467
330843245
1055043
13128086
7332766
294374049
440971
869222367
6257359
14551933
4375813
28892928
599657
544532
384969
642183940
4326753
69096362
96205
165875667
7251038
86428081
2714878
597196324
1569414
20127377
4448076
79010576
5549201
201001275
3242836
423086005
1920816
239355742
312106
101348131
1490598
760538835
4284330
590528883
867725
307353881
3770828
689230381
3774902
174610655
46830
840485384
1200747
40901638
863333
174530606
277213
243186189
237666
72826988
3856163
20463594
4883089
251231197
3965768
197370297
1859967
126207886
874789
153737887
6558571
278976233
5944931
229163504
1933718
109300058
4983058
620605
7369947
53143199
5751394
93814985
5338366
143043144
3144633
552649551
8469568
283752951
334149
24496668
6300320
19759068
1267155
237261304
3856352
461598018
870856
62901906
6830280
229319952
1511065
968653
3610026
111656665
3276461
420095807
2464481
606008242
3455653
26568093
5466327
170296483
7862706
5699701
3061712
121450212
809072
51445914
1891102
155535601
4360141
278026306
434356
176608423
110228
107809345
636435
465319905
2071209
322292655
1181675
884049133
373528
68044341
321494
400001562
1941972
17082032
666398
47742296
2662
16031300
1879211
306626924
210451
530428842
8105469
572867851
2099596
118654937
6091821
143009424
3793112
640994911
735173
635383776
448760
327499173
4765686
270941937
5295814
319299295
902582
141716814
3536605
63457499
337532
84635515
5399369
41026005
4301091
196637543
2969484
5895120
7209089
317111126
3687507
155655458
5570440
4057046
186199
391448675
3690483
490425236
1623645
369289623
1547880
544209385
4570872
71315473
1708441
7251410
6503172
127578587
172582
172331490
2807483
44144246
2386336
528078957
186300
884464613
497296
6757462
409752
168486052
1846544
111848903
632753
113041306
61525
2758203
5758929
149531178
5160272
282266944
1722813
453663341
4008123
241495130
1694745
224045044
1538073
629989014
628285
131834897
1869995
38923139
1047752
788915229
1908218
279165094
1424853
215311134
3328081
454425695
1150502
163034339
1735502
911822209
757638
76916988
4337561
112309300
2760380
55354991
4875001
72162548
8287957
240474758
2781766
39306638
5263489
408967085
807256
100062487
29282
882607843
2080047
55939098
9030172
250409683
1969893
471752663
6510143
52121271
7474067
714233610
2607665
23521606
1615497
494115894
1489099
542174179
5120967
102766009
4232563
1005685
3018966
532459620
6962185
689314081
1597578
205395999
4583284
195330409
3947150
396814857
39241
413321425
458548
244640318
1363228
289861980
726675
9044803
3163760
576528707
2940263
209666984
6626708
51703884
2261517
19418112
1708291
35082901
2874763
460062377
793132
258313941
42110
72146120
2283458
262120654
335264
573580449
4983866
7428782
3856967
116960942
1344886
201676967
1393420
184402500
6727024
56479053
2632585
260114949
2963018
111082931
7669542
696396147
6159471
440285714
1545881
223111334
5410428
312513209
3030156
738593095
1464907
638441011
1032467
38520125
5003777
599695652
3323584
124774378
6257536
49665603
4605755
121266902
271924
56368471
1539084
300958864
1571135
332654226
6157942
36739905
1719235
314358178
448976
396648420
176699
266478489
2171974
792674327
1091928
5403816
7447875
185588257
300634
39883501
1196141
581998405
768785
192927542
6825554
539581402
254776
708977850
816822
549734339
8721584
444392579
1575428
859302428
102886
816999575
9346410
30886331
4829772
503719763
1437896
214125638
51122
729845835
363023
670760829
6080693
248801992
2000095
224796877
171159
151639726
563380
512845402
823665
283220993
255400
406228101
6880162
36235815
688596
68057192
747694
558279630
1255449
496966252
5587135
558757432
6216923
110145795
847180
89051065
20614
676286660
231527
149594584
2054077
632008941
5217977
210339285
4678279
178050226
3959629
46607334
107126
211764197
5811624
139126208
1833350
149860191
3960424
355198333
3714496
174851118
5345813
104513048
2995553
794623999
7116636
412003658
813947
674554936
2613702
333354085
4261497
969231679
10879
67602771
285069
158607946
2205424
602365473
107023
567397818
8508162
691409264
361308
82821
6573336
417910850
5197692
71706188
778120
368489613
4252432
27022379
1730547
75780847
3220692
399472769
790009
357833202
3991684
117518860
2015937
503351478
1641730
9738643
513634
6191390
1904263
182448997
1348346
698442644
5032268
577578736
1578031
346926861
8136428
5214229
5268466
829923541
3045501
215706871
4116928
84405706
2542000
40134637
1100194
944515510
4818397
73385938
845894
142973823
1168415
362723410
534454
60581130
5447129
170384955
6958246
647550464
2641871
508929910
1108309
79339696
621130
777074322
2396857
74006393
6432737
385702633
40739
285749424
582412
399787514
437328
195691957
7586354
46333839
2065960
262022764
1720105
266652773
7037994
10404517
3672422
19130248
7058200
506249637
1443343
198591266
5287703
328570666
1115234
578944045
1718858
25804954
1124366
221731719
2942640
326595486
1865380
9084265
133391
157730812
1841095
6317556
4032037
51779820
7243869
100361821
2234142
1983524
56987
590421836
258712
140776574
542861
499389966
3999779
17838745
843619
292365361
2952227
601940503
8935547
438068686
6891182
487609969
2295382
13761424
2655068
200277137
377869
870722751
4793552
43569695
416495
72437144
45502
714344630
1606112
107902147
2805598
24041682
8371575
840601961
2200145
104547265
3142798
170279227
335522
829927984
4494474
90855719
5023150
213582589
4241698
351691103
4994078
28646631
1870681
44529589
5658747
148315034
207989
436824422
801136
286816919
4264
382376834
72465
82396476
2127866
31381469
1456392
167751283
7258255
545452919
5813159
216589623
5063571
3937461
8611616
42118963
1953471
1927429
696391
3482492
7235386
2937440
1719199
5876122
30649
34749181
3023519
18816134
3403117
101551517
1005787
274053359
9471066
114840578
1536969
51451581
1875851
202587807
700243
25688829
2165274
56463977
45356
98096029
589805
248443491
65861
14642041
5187586
32674567
3751384
342925519
1740413
95444254
8151947
160779934
8392962
375551696
1440440
356430211
322027
102194252
4198999
69588178
458610
206881652
554439
771710683
5824591
18548653
1373523
44020811
6671346
446332897
2630744
122436530
4864531
393021493
2349055
249548020
1497965
331230665
7638812
263383764
1732795
330221601
2475729
302269325
1575752
239390507
1014895
158769733
6175589
557030684
3973115
12666471
3793673
102898134
1035677
174630102
1570737
401390
3736499
484537962
157322
107688698
58166
300828855
3422216
445365708
3333226
11097047
805425
273290090
1649765
609198611
4863279
162772545
125206
95710984
7115889
94657197
5946897
428641590
2021978
52529073
2386657
6661645
2512299
53934819
1775853
23247031
3762712
82875831
241799
16926887
4258846
381796421
941490
6403853
389751
110343830
1430988
695536012
9624708
192079913
5534087
379282245
144784
126695665
7415788
244374018
1081104
1878961
72084
124175517
819423
152841307
4685617
475974435
787760
249226077
5542047
4941614
2508366
259154071
622973
38577111
1083508
402896591
289411
735625162
421625
140192347
4933733
68346544
596559
571961791
8529863
68417519
1114697
583391339
565357
525925048
924837
2077638
7015857
435758317
282833
381980946
380327
94508145
2683645
89381906
4282443
16269911
8130335
419191035
871367
40644456
140225
201931047
6873859
439026068
3686326
441668711
4824396
14919881
708822
268829409
2751180
2358790
2931679
873648039
4160005
847793653
5004504
68964277
6859734
551025151
6058499
160433382
2391675
417531908
514585
44629870
3748916
3317589
2612116
411218484
6104148
113991307
3869418
453651262
287464
795113541
97353
66072781
374655
417070943
1862005
29440563
2761590
345910949
276884
78604139
40459
871113932
2397775
404590022
2989776
508781055
8628980
91799768
148860
152089976
218793
96512597
258646
56378144
8828287
306484970
2452167
6627913
429116
107374879
5880635
105664449
154241
28175491
5626773
48058661
5987592
222782904
3187019
95856833
984632
387389555
2107759
169635241
7216315
942704366
998712
588912462
2233641
814851891
2619996
348544165
458351
134012760
879455
150456019
2832560
521069049
1379961
101091042
1215878
11723250
3146349
771543693
1774522
478566594
5093260
157312837
5611114
107598458
3837864
323159715
1565249
691503120
5309598
68072436
2167783
2832175
5540929
80020925
3262441
264402077
1028006
404682314
479357
143809661
5730138
28502837
3339249
373166898
8482445
326233903
2020958
181974613
4840276
29544574
3768011
72760504
7166026
786647227
1988694
408050464
6259625
481439393
1361384
213231568
6063105
182847073
2503976
212967182
2674840
61633931
1356751
548021470
4408629
87815440
9223755
220716651
444595
437875694
5184205
253618132
798999
290619
1729885
33632218
102542
240091156
2594197
201294876
5674976
988508778
4953301
631895146
3567145
213275584
849790
20651893
735309
250321867
5772585
413436381
950022
242339158
3276937
116764334
5453285
149018440
4141884
245212783
5040525
98145170
135248
7964534
9346146
529478219
2185402
143929885
1765411
282831120
3432367
167889634
602354
100958029
3765420
133433440
1330413
336229768
2741670
48524439
2506743
103241300
485643
201137546
1273363
89085282
1231423
670128507
720106
62562437
937800
62386804
695670
61449842
4432047
733055133
993487
121170350
3028103
487323273
5720090
189097063
1471744
59946115
6581915
691188854
7532436
100797058
1590389
121433870
2663121
579727894
6762713
39746532
1950008
442787680
1299126
102913972
9033662
57434663
1134733
24812291
1516740
521640900
345860
774216126
638572
714449981
6777303
256554992
4258793
771170905
5733166
20021454
5323721
354371287
7081380
434534251
2614472
435366569
1172179
70144363
7946967
975629079
6789011
66673497
412457
123639954
1071461
23540515
772546
96503760
103693
461086421
768139
277882318
6054671
457445568
2510754
962261282
1381876
598119287
269161
60505021
3327709
764472320
3020843
58848011
1633673
207507080
3329661
793105922
1057289
230451395
887414
26123
485776
217122803
285278
29961598
1677485
127637671
1327092
476779117
258001
486285488
4993771
87571405
4129312
6943075
5784580
293546570
2055949
87220680
1217309
719419735
6218716
370981214
1390019
586627612
6697165
494066188
7607490
36903497
7214856
517337436
94927
87262526
2221163
82718312
8492494
756142023
5286093
63539987
73560
271783581
6700219
339704076
4988036
239851
6503869
9496101
7513725
446042540
2534032
64641083
4383089
108813428
2209598
931096835
1780611
204292988
335425
101012526
759341
265312846
540809
250355531
8431544
152890146
9134438
509769611
1380763
27148345
4810812
14607740
2650798
983286482
3451097
512629079
2091103
773948842
3422931
516831499
5801151
128490283
515000
394284131
1019033
109763089
3054628
370316637
154603
167736896
2189288
34589054
3548294
50413405
1096513
30217578
2249328
32481602
2399025
1534949
2201074
874004483
1221076
151677648
104361
125798496
3279502
272925048
6669756
28395940
1285439
292753182
6841674
7792666
108040
40621429
3325429
248402041
5698395
95760602
1161955
347898835
3804942
618811703
1493539
322181116
4443096
543422217
7963092
107924801
3414826
41539050
1499164
37670271
2725068
662202077
1099633
21384985
3190759
52444080
793179
257495990
2948563
246810421
5441474
107619177
1447715
559767658
1212454
115350064
2171346
134745277
222584
249886337
4042942
701094441
1903278
782914882
467636
21537328
1820711
111733105
18699
2517973
1290083
18665583
9811640
83344203
33050
610284388
1394788
225184734
5029558
552037811
911820
49695162
2485801
12155659
681687
607173375
844724
19896477
1920601
33439367
23159
59630122
760149
34199416
5667118
144775521
402352
276363889
396514
196821392
8707099
135874181
1201605
152170283
7020472
26666083
169428
150426821
3154661
18595537
196948
73749327
2803282
461017492
2920881
304146831
2392297
94001685
8043545
85307843
4388424
574362437
311281
161456367
3728797
34081721
5291563
81283705
2901027
22285300
1334053
121069826
150434
900449114
136852
28298054
122831
368182687
737949
468954618
1794282
24655574
1656325
275116855
6076824
36239940
1642193
327135911
6418885
212104130
659522
213726168
1026886
150209235
2108518
72680824
3655404
167578595
487799
291786858
606720
475275363
1502103
977405423
217831
124365732
2597083
265093491
8002019
333826811
1111993
307151499
1165846
241930729
7082751
61975627
2706473
36204
3799760
3342539
3584050
37854433
1595129
134516307
338639
45677805
4376664
817102402
374460
913876642
186360
322711420
7004785
668050469
3079100
562206099
3936532
527981803
7879508
497272330
91666
369156502
316002
781377743
568437
67735481
1231126
53745832
2647110
71196125
4038661
194227340
3910349
122723336
22494
49717497
186789
99146875
6391327
60414618
7648719
360301090
2080729
545916561
357697
440984003
3552366
425347730
2358219
93165672
4288225
53975349
1028419
107626362
2701595
16003198
873532
301753345
3031743
169517699
139886
352911365
6727859
348829636
2894255
12110727
8513867
197247003
4568310
49630945
770045
7473189
3541483
31259607
3634156
168227653
1780587
48192644
6141291
173174192
160741
277118853
4822288
631450286
3282997
500404313
672281
404300689
205810
340850388
7889412
271706679
1136956
23406211
617463
648110767
5973123
35106905
2826715
581614564
2902554
43996926
1103776
404893672
1366117
5413862
3501837
319595905
4311362
509091397
3197243
62223045
1239640
134324470
1488818
22134558
158418
411513980
415948
310912592
372447
756197351
251571
163457561
4277102
140228160
522446
31803002
3261112
98367921
861368
274512543
697704
375482715
2002
469768915
6133040
379238345
54382
343520723
1052656
973439
1421376
83507650
2672414
180904558
123322
88964243
2870221
366856992
2272964
271774717
1198222
177123273
4707664
169213913
2389259
200372822
3716404
894767173
3232323
645856414
2772337
67185107
4929070
180005378
298661
849989430
5763737
461007638
3702125
246431144
1672981
123543116
1087616
826769576
5864385
69227638
61296
8903905
1021916
14856106
3733038
576794906
4730121
122991056
479959
200750137
339343
767138230
1889399
53137344
662563
39911735
165305
431023742
3690370
125845540
415797
296411063
598630
176902502
1915586
582793439
5134621
320784476
4840723
907275162
4063698
218762544
60545
399249435
855689
305821404
177508
455427684
54519
340117911
1786640
608586037
447543
417194564
7313882
13103923
991464
528910502
1123592
746303008
1098151
10950304
1439179
15436112
2514285
65397385
1202976
962597748
58129
105048013
3594112
31687847
2151149
297181706
619050
3354569
2097737
7565444
8241584
237062337
4030006
45324150
4258945
235658773
1499763
274875764
3248278
766579706
4448352
501036875
894587
632661836
55661
14053157
148658
41654136
4252138
382295968
1122598
175685927
4202245
611708188
467068
356677862
58769
44830017
1530997
464196589
2397633
4849415
703861
255144227
920131
772262131
2009629
33462063
73992
506473869
93129
432717636
18874
454216265
288063
169764972
4162254
584601092
144385
169826509
583771
86622194
8137339
547071730
1845982
260699402
4047902
63617952
1027291
94121507
3803827
367790666
7771919
207067848
1253877
103956991
1864936
53712835
1046294
941020626
441894
90945331
9038140
713390413
9968839
35672252
6410885
72279992
4828143
22240377
7848844
2004578
1645576
203888129
1228796
343248217
1916614
157861365
521854
17164781
341959
236888629
7380849
646602484
4372632
582060579
827090
154004756
4780087
609578271
500678
26299357
194571
349128174
5765147
744201300
1567
220491135
248153
55419923
611
365922408
6405619
234929785
2528229
761052416
761361
141168184
4703245
85822166
2322152
134240257
8838041
369309502
7681276
754026264
2434673
37503274
948037
294102555
640205
211724833
2214481
140058815
2518171
138802820
4041719
158089223
5330550
231318349
12602
4961005
1577601
269590804
491843
357453517
3765447
194083440
1801594
369883783
551305
36702171
2423409
53034507
3232297
285049094
6297265
64839919
330022
102489872
5437434
364177078
746155
860472405
8250920
849238076
2420158
148482798
3730640
140199791
800205
12973085
97719
48909152
26609
740464397
552441
318705409
610446
649891217
1991294
174677176
213913
327161749
5227790
51865750
2862010
26370891
2917999
30791485
2146951
31449238
462340
320228201
7088809
636099052
3864814
428549698
3209834
190201307
4894226
186294399
1421986
304872598
1272953
77901689
367431
57372011
6638675
145074551
66847
237485821
1398521
260775722
192192
194133969
362159
362592471
3570219
435733680
3297598
563261153
1356167
183221810
1159437
358758939
483800
10503686
3088867
765926787
280501
151536687
9079054
528695547
1336360
387468092
3752
385316569
26291
328474010
5871726
245640777
588579
633420912
9475417
32738836
2028810
299940609
431570
78197923
8627436
16943322
934611
37634418
9329445
186849480
4283705
190444649
3480989
598554756
752520
355013673
3096810
17634768
1785646
143880790
2533130
79313314
5737397
277492824
2471813
133414816
1805325
88265332
252294
216954647
3827200
22827244
1603079
37241237
4804628
303840444
889717
85393749
2874571
722702562
4875205
16196308
151781
298779188
709348
43283700
53353
83930946
107161
748224903
3848649
184356279
2817447
750313508
2167367
277606317
11948
492808058
4056139
402066199
543731
477256526
3907086
392153881
500425
98156185
3675750
853721588
195886
4714486
943981
1485300
120600
268692517
1662146
379402224
635420
101080158
227683
83300807
750573
69106557
268411
902214336
248483
229565628
3950444
97332950
5791343
14301300
2243782
118717121
3375569
6294494
2696
261410241
1734092
104660974
3912317
34450314
6241728
352303073
1151011
219554086
569907
26270960
2559526
225606323
269417
371382714
12638
23901115
465395
149651633
1122580
218746262
970550
43465507
688847
725541414
204214
36050595
926781
24826826
1228738
53239275
65213
74711134
1505141
126199569
6439423
285268437
544235
15676305
3832754
86091439
7679550
290978279
639810
74800007
7040831
476502118
2292707
737549282
2261636
634380768
643333
324899370
1338176
30725324
3218982
574988200
3250664
612724975
1836126
92201972
556490
146071072
9380107
396284976
59699
24403793
1401338
943122519
7071512
402099403
8698247
26729246
3310614
95577282
2288850
70326368
256907
16402933
1288056
12934161
2532083
165064870
5676015
138476916
244818
147508854
444257
43480367
176978
11352270
1958146
835394051
498162
16473095
95829
751695189
495750
11817567
531078
185436018
6797980
301219615
4668314
15075664
751277
82501105
2913173
27776940
3728380
11811982
37999
671037812
576301
157412607
1318111
411840903
1663383
136866434
491019
388794192
1733369
348897500
885459
33815222
4544503
92704236
1576288
619872402
3174619
546559732
1206930
295905910
1935531
169685272
1546724
433797406
7096051
37354549
22848
132190585
1213995
389822328
1878966
199895585
1935210
7520944
1947579
211031668
7705348
31635157
275657
61038374
492725
415906283
1652203
162960394
736845
61227633
86990
264667001
1007479
202045116
2005764
181632307
2365121
792990396
4508747
70530786
397271
110405497
6198213
208330601
959868
213456166
1185344
51340888
1372468
286807856
3833061
149711629
192770
518862399
1505131
191369305
401360
400455893
6465157
46062880
1610643
186202157
3550493
224195630
533789
559123521
4173641
194550328
4854602
526967546
2723398
43292140
871680
225503487
5432738
41547005
309147
70838067
2012432
15946854
4398165
9344197
3319222
61466257
22586
294059320
3238866
37434142
2963211
163927984
2229553
166921372
5098473
532824890
1376949
352145540
727736
367269854
4645821
183940630
1158008
70390286
7699
187383204
2084168
26775299
4354858
463216823
506831
172206678
4110053
474461920
4162871
718024977
6907097
213655118
660314
20914423
3166896
169289784
814140
502888452
7137691
411866999
1422806
566181048
770858
316744559
1251244
326569834
8258
4094146
2712743
182862017
158663
307682504
3672250
561265328
1034036
46486438
2793647
77797543
1503518
161717718
3310521
180371810
5138269
158790808
2528152
26335968
1354583
180706340
798552
103767850
2272159
210501925
32222
182609648
3768012
9472729
1201515
227214915
3008835
809658881
274634
285424775
5503426
170998442
1426970
133209732
1495638
54609128
2187547
62177767
4096038
610827763
1237996
10379763
8925308
881487989
256440
57608029
142541
225593774
1665128
78690827
2643068
721567168
984484
139644618
1759333
500117195
2895027
528814537
696702
252294943
7973458
24900138
2854117
151325173
6406636
6510251
7143086
393556
468886
524461301
8995982
96369202
5121637
148491706
2506441
82067159
1055606
83584658
3328602
24414545
20306
95279358
5764986
174741038
1284976
454292089
2687948
26756801
7852624
145887390
200806
217399348
208301
7327558
2936764
606197968
8377466
143422118
484198
531673213
6138590
592516191
4648914
46674282
1986090
225949458
855017
33321178
7298
97820611
561118
165987945
1774350
72662803
842734
199496513
15423
203368200
1344638
433427775
416668
132731507
3432354
170180934
5590574
349877414
7226993
22367296
186899
674364528
345093
438481589
1654364
37585222
295759
437855791
3305219
403473373
2953585
270000658
325876
32788292
829310
147265026
1613081
430050812
2974484
31371348
723300
903605848
1976982
33798828
4720581
100622143
4782217
58055303
1313854
143306300
3519694
512399019
951435
123663668
237982
657466222
2684898
35462054
432654
256587819
373968
36463327
991594
91996972
17859
103599829
1239703
9403754
29386
12669209
2324952
225727001
2566269
173953743
2269213
164859493
6110476
151256154
352610
642261456
174095
496721302
8655057
95250836
708072
46930372
97135
402234281
929810
274558425
4003880
220995860
104371
224968275
2387651
105559386
42887
198315683
3549614
72213195
5379262
67680928
304439
751144365
1043182
584955710
1196242
30951108
5333659
155673731
1851999
74466670
6119318
