394481241
482379
367408724
482379
154315583
482379
19883981
482379
19883981
3883997
19883981
3883997
19883981
3883997
3883997
3883997
5262622
3883997
5262622
3883997
5262622
3883997
5262622
3883997
5262622
3883997
5262622
3883997
5262622
5087281
5262622
5087281
5262622
5087281
5262622
5087281
5262622
5087281
5262622
5087281
5262622
5087281
5262622
5262622
5757843
5262622
5757843
5262622
5757843
5262622
5757843
5262622
5757843
5262622
5757843
5262622
5757843
5631839
5757843
5631839
5757843
5631839
5757843
5631839
5757843
5631839
5757843
5631839
5757843
5631839
5757843
5631839
5757843
5631839
5757843
5631839
5757843
5631839
5757843
5631839
5757843
5631839
5757843
5631839
5757843
5631839
5631839
5262622
5631839
5262622
5631839
5262622
5631839
5262622
5631839
5262622
5631839
5262622
5631839
5631839
5757843
5631839
5757843
5631839
5757843
5631839
5757843
5631839
5757843
5631839
5757843
5631839
5757843
5757843
6246648
5757843
6246648
5757843
6246648
5757843
6246648
5757843
6246648
5757843
6246648
5757843
6246648
5757843
6246648
6246648
6923949
6246648
6923949
6246648
6923949
6923949
7107316
6923949
7107316
6923949
7107316
6923949
7107316
6923949
7107316
6923949
7107316
6923949
7107316
6923949
6923949
6246648
6923949
6246648
6923949
6246648
6246648
5757843
6246648
5757843
6246648
5757843
6246648
5757843
6246648
5757843
6246648
5757843
6246648
5757843
6246648
5757843
6246648
5757843
6246648
5757843
6246648
5757843
6246648
5757843
6246648
5757843
6246648
5757843
6246648
5757843
6246648
5757843
6246648
5757843
6246648
5845356
6246648
5845356
6246648
6246648
6923949
6246648
6923949
6246648
6923949
6246648
6923949
6246648
6923949
6246648
6923949
6246648
6923949
6246648
6923949
6246648
6923949
6399892
6923949
6923949
7107316
6923949
7107316
6923949
7107316
6923949
7107316
6923949
7107316
6923949
7107316
6923949
7107316
7107316
7339185
7107316
7339185
7107316
7339185
7107316
7339185
7107316
7339185
7107316
7339185
7107316
7339185
7339185
7707949
7339185
7707949
7339185
7707949
7339185
7707949
7339185
7707949
7339185
7707949
7339185
7707949
7339185
7707949
7339185
7707949
7339185
7707949
7339185
7707949
7339185
7339185
7107316
7339185
7328010
7339185
7339185
7707949
7339185
7707949
7339185
7707949
7339185
7707949
7339185
7707949
7339185
7707949
7339185
7707949
7339185
7707949
7339185
7707949
7339185
7707949
7339185
7339185
7328010
7339185
7328010
7339185
7328010
7339185
7328010
7339185
7328010
7339185
7328010
7339185
7328010
7339185
7328010
7339185
7328010
7339185
7328010
7339185
7339185
7531284
7531284
7707949
7531284
7707949
7707949
7784338
7784338
7784695
7784338
7784695
7784338
7784695
7784338
7784695
7784338
7784695
7784338
7784695
7784338
7784695
7784338
7784695
7784338
7784695
7784338
7784695
7784338
7784695
7784338
7784695
7784338
7784695
7784338
7784695
7784338
7784695
7784338
7784695
7784695
7936147
7784695
7936147
7784695
7936147
7784695
7936147
7784695
7936147
7784695
7936147
7784695
7936147
7784695
7936147
7784695
7936147
7784695
7936147
7784695
7936147
7784695
7936147
7784695
7936147
7784695
7936147
7784695
7936147
7784695
7784695
7784338
7784695
7784338
7784695
7784338
7784695
7784695
7784695
7784338
7784695
7784338
7784695
7784338
7784695
7784338
7784695
7784338
7784695
7784338
7784695
7784338
7784695
7784338
7784695
7784338
7784695
7784695
7936147
7784695
7936147
7784695
7936147
7784695
7936147
7784695
7936147
7784695
7936147
7784695
7936147
7784695
7936147
7936147
7996445
7936147
7996445
7936147
7936147
7784695
7936147
7784695
7936147
7784695
7936147
7784695
7936147
7784695
7936147
7784695
7936147
7784695
7936147
7784695
7936147
7784695
7936147
7784695
7936147
7784695
7936147
7784695
7936147
7784695
7936147
7784695
7784695
7784338
7784695
7784338
7784695
7784338
7784695
7784338
7784695
7784338
7784695
7784338
7784695
7784695
7852988
7784695
7852988
7784695
7852988
7784695
7852988
7784695
7852988
7784695
7852988
7784695
7852988
7784695
7852988
7784695
7852988
7784695
7852988
7784695
7852988
7784695
7852988
7852988
7936147
7852988
7852988
7784695
7852988
7784695
7852988
7784695
7852988
7784695
7852988
7784695
7784695
7784338
7784695
7784338
7784695
7784338
7784695
7784695
7852988
7784695
7852988
7784695
7852988
7784695
7852988
7784695
7852988
7784695
7852988
7784695
7852988
7784695
7852988
7784695
7852988
7784695
7852988
7784695
7852988
7784695
7852988
7784695
7852988
7784695
7852988
7784695
7852988
7784695
7852988
7784695
7852988
7784695
7852988
7784695
7852988
7784695
7852988
7784695
7784695
7784338
7784695
7784338
7784695
7784338
7784695
7784695
7852988
7852988
7936147
7852988
7936147
7852988
7936147
7852988
7936147
7852988
7936147
7936147
7963738
7936147
7963738
7936147
7963738
7936147
7963738
7963738
7996445
7963738
7996445
7963738
7996445
7963738
7996445
7963738
7996445
7963738
7996445
7963738
7996445
7963738
7996445
7963738
7996445
7963738
7996445
7963738
7996445
7963738
7996445
7963738
7996445
7963738
7996445
7963738
7996445
7963738
7996445
7996445
8041440
7996445
8041440
7996445
8041440
7996445
8041440
7996445
8041440
7996445
8041440
8041440
8079762
8041440
8079762
8079762
8186990
8079762
8186990
8079762
8186990
8079762
8186990
8079762
8186990
8079762
8186990
8079762
8186990
8079762
8186990
8079762
8079762
8041440
8079762
8041440
8079762
8041440
8041440
7996445
7996445
7963738
7996445
7963738
7996445
7963738
7996445
7963738
7996445
7963738
7996445
7963738
7996445
7963738
7996445
7963738
7996445
7963738
7996445
7963738
7996445
7963738
7996445
7963738
7996445
7963738
7996445
7963738
7996445
7963738
7996445
7963738
7996445
7963738
7963738
7940587
7940587
7939515
7940587
7939515
7940587
7939515
7940587
7939515
7940587
7939515
7940587
7939515
7940587
7939515
7940587
7939515
7940587
7939515
7940587
7939515
7940587
7939515
7940587
7939515
7940587
7939515
7940587
7939515
7940587
7939515
7940587
7939515
7940587
7939515
7940587
7939515
7940587
7939515
7940587
7939515
7940587
7939515
7939515
7936147
7939515
7936147
7939515
7936147
7939515
7936147
7939515
7936147
7939515
7936147
7939515
7939515
7940587
7939515
7940587
7940587
7963738
7940587
7963738
7940587
7963738
7940587
7963738
7940587
7963738
7940587
7963738
7940587
7940587
7939515
7940587
7939515
7940587
7939515
7940587
7939515
7940587
7939515
7940587
7939515
7940587
7939515
7940587
7939515
7940587
7939515
7940587
7939515
7940587
7939515
7940587
7939515
7940587
7939515
7940587
7939515
7940587
7939515
7940587
7939515
7940587
7939515
7940587
7939515
7940587
7939515
7940587
7939515
7940587
7939515
7940587
7939515
7940587
7939515
7940587
7939515
7940587
7939515
7940587
7939515
7940587
7939515
7940587
7940587
7963738
7940587
7963738
7940587
7940587
7939515
7940587
7939515
7940587
7939515
7940587
7939515
7940587
7939515
7940587
7939515
7940587
7939515
7940587
7939515
7940587
7939515
7940587
7939515
7940587
7939515
7940587
7939515
7940587
7939515
7940587
7939515
7940587
7939515
7940587
7939515
7940587
7939515
7940587
7939515
7940587
7939515
7940587
7939515
7940587
7939515
7940587
7939515
7940587
7939515
7940587
7939515
7940587
7939515
7940587
7939515
7940587
7939515
7940587
7939515
7940587
7939515
7940587
7939515
7939515
7936147
7939515
7936147
7939515
7936147
7939515
7936147
7939515
7936147
7939515
7936147
7936147
7852988
7936147
7852988
7936147
7852988
7936147
7852988
7936147
7852988
7936147
7936147
7939515
7936147
7939515
7936147
7939515
7936147
7939515
7936147
7939515
7936147
7939515
7936147
7939515
7936147
7939515
7936147
7939515
7939515
7940587
7939515
7940587
7939515
7940587
7939515
7940587
7939515
7940587
7939515
7940587
7939515
7940587
7939515
7940587
7939515
7940587
7939515
7940587
7939515
7940587
7939515
7940587
7939515
7940587
7939515
7940587
7939515
7940587
7939515
7940587
7939515
7940587
7939515
7940587
7939515
7940587
7939515
7940587
7939515
7940587
7939515
7940587
7939515
7940587
7939515
7940587
7939515
7940587
7939515
7940587
7939515
7940587
7939515
7940587
7939515
7940587
7939515
7940587
7939515
7940587
7939515
7940587
7939515
7940587
7939515
7940587
7939515
7940587
7939515
7940587
7939515
